#IID	car_perc	mel_perc_v2	car_PIE_1	car_PIE_2	car_PIE_3	car_PIE_4	car_PIE_5	mel_PIE_1	mel_PIE_2	mel_PIE_3	mel_PIE_4	mel_PIE_5	pa_car_1	pa_car_2	pa_car_3	pa_car_4	pa_car_5	pa_car_6	pa_car_7	pa_mel_1	pa_mel_2	pa_mel_3	pa_mel_4	pa_mel_5	pa_mel_6	pa_mel_7	pa_mel_8
NS.2118.001.IDT_i7_100---IDT_i5_100.5	1.675567730548187	-0.5365155321193098	0.07460030551032079	0.8937047186551437	0.3067290059842589	0.8285194697731109	0.3249183986714037	0.4481013444932169	0.005501003150122169	-0.2753102244944419	0.3193552981446629	0.4165051362739103	0	1	1	1	1	1	0	0	0	1	0	1	0	0.5	0
NS.2118.001.IDT_i7_101---IDT_i5_101.45	1.7068245204029004	0.9517478676259448	0.85155049820215	0.39926210314386856	0.4206976845747287	1.0048844522164524	1.0097368809003995	0.537369777759756	-0.1518033632083926	-1.1035782360675768	1.05771812578532	-0.2898461021897544	0.6666666666666666	1	1	1	1	1	0	0	0	1	0	0.5	0	0.3333333333333333	0.5
NS.2118.001.IDT_i7_102---IDT_i5_102.112	-1.0503936902344249	0.6619444199225266	-1.1414898210811124	-0.9793015311380575	-0.22939033079270132	-0.6341918120505301	-0.6408680508806202	0.0414145142184107	-0.381306554203488	0.5230152004478091	-0.3280791060494549	0.569287904410922	0	1	0	1	1	0	0	1	0	0	0	0	0	1	0
NS.2118.001.IDT_i7_103---IDT_i5_103.46	1.30150878852535	1.1982255176636911	0.08215281493280988	0.0024904810976275615	2.6597716784028274	1.8476896401900564	1.9074152614776334	-0.16456731656781165	-1.1234977946441167	-0.7484592979934224	0.8552827174008679	-0.14504461664214505	0.25	1	0	1	1	1	0	0	0	1	0	0	0	1	1
NS.2118.001.IDT_i7_104---IDT_i5_104.39	-1.2472047069989747	1.5794899867750307	-0.02467641818091281	-0.8763980759285765	-1.2189333635652024	-1.6315170622589839	-1.3552391846844873	-0.7598111826492806	1.2146205700428732	1.638312145553817	-2.1642155476549862	-0.9711784512250917	0	0	0	1	1	0	0	1	0	0	0	0	0	1	0
NS.2118.001.IDT_i7_105---IDT_i5_105.343	-0.8282328320695338	0.5748928463673664	-0.12287501850109198	0.5560680608272636	-0.3125520083532026	-0.23687314725319325	-0.33859334015335535	0.321266296596324	-0.5721002395968634	-0.7714452069641429	0.8490215537520516	0.2283474453728886	0	0	0.75	1	0	0.25	0	0	0	1	0	0	0	1	0
NS.2118.001.IDT_i7_106---IDT_i5_106.341	0.46246847252380413	0.11026238415777773	1.2284295037379003	1.1287605546783985	-0.34432968374766854	1.001013507124731	0.20237990934581526	-0.6900720763176494	-0.325970370744739	0.0661539495461673	0.007235328450878108	-0.1723952628098426	1	0	0.5	1	1	1	0	0	0	1	0	0	0	1	0
NS.2118.001.IDT_i7_110---IDT_i5_110.113	1.7285393436693952	0.016663512290526844	0.016577523617352166	-0.5340853827252017	-0.8821203156230424	-0.8298660017037519	-1.4515196777454895	0.08993821447497058	0.3515230644216296	0.19025340838278001	-0.4346706912590337	-0.6259705944660339	1	1	1	1	1	0	0	0.8333333333333333	0	0	0	0	0	1	0
NS.2118.001.IDT_i7_111---IDT_i5_111.270	1.5070315990369014	1.3167007264810926	1.4380853136839913	0.6790027276401633	-0.22568937871706418	0.7973154125600808	0.5382943252796785	-0.09497366247621675	0.47701329959754246	0.8089289066387667	-1.0123356415042548	-0.2434031881077892	1	0.3333333333333333	1	1	1	1	0	0.8333333333333333	0	0	0	0	0	1	0
NS.2118.001.IDT_i7_112---IDT_i5_112.36	-0.6364096617139909	-0.17265593677971558	0.8835448035548896	-0.6064561442796824	-1.5530739325351657	-0.8347217535156555	-0.8687604217529985	0.21836506425278576	-2.1954249526934495	-1.6684744520650745	1.6720924777425346	-0.8772471109230062	0	0	0	1	1	0	1	0	0	0	1	0	0	0.5	1
NS.2118.001.IDT_i7_113---IDT_i5_113.174	2.117932177042771	0.542267386383089	1.1820954766350855	-1.3861733399638698	1.5836648111854774	0.29418165506591276	2.565162642337786	0.3786966836591503	0.9504421604245494	-0.13083781087051644	-0.001279867181519255	-0.5628056758510653	0	1	1	1	1	1	0	1	0	0	0	0	1	1	0
NS.2118.001.IDT_i7_114---IDT_i5_114.96	0.07765823653914757	-0.4711995902062138	-1.207726300788541	0.9960382551632352	0.7595110241508799	0.40750127866609176	0.050665734555277855	1.6734440378597586	2.073650194217663	0.7253234826837633	-1.1553600717949064	1.0937730354900261	0	1	0	1	1	1	0	1	0	0	0	1	0	0	0
NS.2118.001.IDT_i7_116---IDT_i5_116.71	-1.696277242567109	-2.019342458831568	-1.2148578909681265	-0.39883993174610766	-0.5417248688334367	-0.5556744639843624	-1.4570003229283386	1.0206825342249468	0.10568417122217016	-1.1134179656010164	1.0976146516198169	0.5688983951324519	0	0	0	1	1	0	0	0	0	0.5	0	0.5	0	0	0
NS.2118.001.IDT_i7_117---IDT_i5_117.83	-2.1327423491127147	-0.11601478715453209	-0.14196217421873547	-0.5815429008102309	-1.1417037354990494	-0.918885943962647	-1.2269161288798687	0.7202259619226367	-0.2449610565482312	-1.2919446989480385	1.3252926952804955	0.11145387087640993	0	0	0	1	1	0	0	0	0	1	0	0.5	0.5	0	1
NS.2118.001.IDT_i7_118---IDT_i5_118.167	-3.1639771387221582	-3.397988536083031	-0.030821285515121664	-0.08692196459805449	-0.8172929955022037	-0.3300240989631953	-0.6739891186836943	0.6706888098289906	-0.5891704754958795	-1.1683183834989954	1.228009093021071	0.25852533166123737	0	0	0	0	0	0	0	0	0	0.5	0	0	0	0	0
NS.2118.001.IDT_i7_121---IDT_i5_121.90	0.9726362188603115	-0.19054485210857197	-0.10909597995233417	1.7324198229821532	-0.34131733622532573	0.4016920894987347	-0.7529902484065759	-0.6093285090712871	-0.7812565134935439	-0.26186930313147283	0.42093146226848377	0.014244965987491177	1	1	1	1	0	1	0	0	0	1	0	0	0	1	0
NS.2118.001.IDT_i7_122---IDT_i5_122.296	0.09895376109214638	1.133063773856409	-0.19604868826514701	-0.3829131563711522	-1.0747156362290127	-0.9578556861412459	-1.935904031268425	0.353834853365506	0.4112580381364602	0.16195162265856688	-0.2838167919282363	-0.03950128000147267	1	0	0.75	1	1	0	0	1	0	0.5	0	0	0	1	0
NS.2118.001.IDT_i7_123---IDT_i5_123.205	3.4647305051531725	0.23121956969060242	1.3342980481613858	0.45207848174490495	0.06663046375135179	0.9878262006943429	0.8842538053046594	0.6851824336044806	-0.12974858472015882	-0.960680399784026	1.0161327141837755	0.5069906480279364	1	1	1	1	1	1	0	0	0	1	0	0.75	0	0	1
NS.2118.001.IDT_i7_124---IDT_i5_124.194	2.6280283030219183	1.0331186124954264	0.26036603469754527	1.1319038290599717	-0.5742687458573432	-0.030781324962848827	-0.6933407878690017	1.0631443913655587	0.9961946178193138	-0.6034459686727769	0.34583414083853126	0.21594693454802905	1	1	1	1	0.5	1	0	0.25	0	0.5	0	1	0	0	0.5
NS.2118.001.IDT_i7_125---IDT_i5_125.114	1.6056562186401226	2.146363394975551	0.28391919605550486	-0.32215201153904494	2.2000936707500363	0.7913233297832801	2.096174210145441	-0.14084575364998397	-0.5807414251037039	0.6022177183776172	-0.13891623528535513	1.3296808056295109	0	1	1	1	1	1	0	1	0	0	0	0	0	1	0.5
NS.2118.001.IDT_i7_126---IDT_i5_126.188	-0.1420870653687592	0.6633051990799554	0.9239059306175534	0.05088271674959395	-0.3321165174805273	-0.09793800527566482	0.5557824388773045	0.01398731035800712	-0.5393648958035395	-0.4317419632103974	0.5700564422027457	0.08948223656228742	0	0	0	1	1	1	0	0	0	1	0	0	1	1	0
NS.2118.001.IDT_i7_127---IDT_i5_127.301	1.5673261575933575	0.2162037039981651	0.4165397623743635	-0.19214934386366517	0.7189662653469531	0.2600143138506963	1.2180249834504515	1.2270101844940084	1.5782676818124646	-0.367906834222106	0.011684683870866732	0.17930954747043276	0	0	1	1	1	1	0	1	0	0	0	1	0.5	0	0
NS.2118.001.IDT_i7_128---IDT_i5_128.86	0.0380771084760397	0.7408695526005116	0.4617249429963558	0.7542187405371219	-0.07865588973754511	0.5153550800945123	0.27427725139249703	0.8286074570232158	-0.3709846819611463	-0.9422424324461722	1.0010640429654094	0.647630078191618	0	0	0	1	1	1	0	0	1	0	0	1	0	0	1
NS.2118.001.IDT_i7_129---IDT_i5_129.40	-0.6449467460025676	1.2690608254461633	1.4258474134474701	-0.44676577070858625	-1.916627615209989	-0.4592571525193042	-1.1476467623359587	1.479072985276021	1.6285571138627886	-0.5309729545304926	0.14788391912996565	0.1916210162268785	1	0	0	1	1	0	0	1	0	0	0	1	0	0.3333333333333333	0.5
NS.2118.001.IDT_i7_130---IDT_i5_130.184	-0.9583018220577358	-1.931456289118176	-0.792382466016139	-1.5713338248161683	-0.43747688193362844	-1.0852063926424238	-0.7000463999979258	-0.5996407603657197	-0.869007181056706	-0.8211885700514407	0.9789909234504066	-0.6302283132236097	0	0	0	1	1	0	0	0	0	0.25	0	0	1	0	0
NS.2118.001.IDT_i7_133---IDT_i5_133.183	-0.11190374270339552	-0.08524922306250196	-2.0706436277558584	-0.8691833351296283	-0.044708932474790034	-1.1379805596480739	-0.8744601162332796	-0.1067484338396037	-1.109238758810446	-0.5451247854775084	0.6746966124534239	0.11502980312738269	0	1	0	1	1	0	0	0	0	1	0	0	0	1	0
NS.2118.001.IDT_i7_134---IDT_i5_134.13	0.7536296951444641	0.7766034231869542	-0.19326842974421926	0.4602901512143604	1.7360200638344094	1.3297671387232484	1.2829866370349938	-0.1418364456828783	-0.6464299154571982	0.4345099786085559	-0.06403245744464434	0.9684303754699141	0	1	0	1	1	1	0	1	0	0	0	0	0	1	1
NS.2118.001.IDT_i7_135---IDT_i5_135.253	2.9852268122352505	0.9260886401347288	2.1057353510592076	-0.20736965385335276	-0.14556631311282062	0.2715577678005865	1.2916482239113205	0.7583652589113374	0.25663632520468266	-0.8218311471571387	0.7207526482688345	0.04142244666522743	1	1	1	1	1	1	0	1	0	0	0	1	0	0.25	0.5
NS.2118.001.IDT_i7_136---IDT_i5_136.7	-1.253070228085701	-0.15507858500547722	-0.9959200480989555	-0.4272850473003193	-0.7043935219621922	-0.7878687362077451	-1.5817740634092192	0.9896842689384652	0.3238369354978839	-0.35056994755969606	0.410461163447707	1.2144402626960484	0	0	0	1	1	0	0	0	0	0	0	1	0	0	0
NS.2118.001.IDT_i7_137---IDT_i5_137.222	0.9991635328843849	0.8845708219455449	-0.3612248216547	-0.6438256212403519	-0.47833604010536346	-0.528711510732631	-0.6852918357454484	0.4187118481746571	0.5779384889932452	-0.13402501527814642	-0.06300052119134938	-0.5477070966554349	1	1	0	1	1	0	0	1	0	0	0.16666666666666666	0	0	1	0.3333333333333333
NS.2118.001.IDT_i7_138---IDT_i5_138.43	-0.8342159256212984	1.2928130737176273	1.1260382203895132	-0.005007110070567443	-2.0181936311402184	-0.4047929502829466	-1.880978716792474	1.5119567367286613	1.60767604185583	-1.2055880884706656	0.8530007624061995	-0.49987996680505037	1	0	0	1	1	0	0	0.375	0	0	0	1	0	0.25	1
NS.2118.001.IDT_i7_139---IDT_i5_139.332	-0.5691116826969851	-0.6780864460498902	-0.2961143832434918	-0.5314685297665988	-1.1393777272157006	-1.0444855448553771	-1.656484406876471	0.23601307718929543	-0.09548141993545328	-0.4303948945359305	0.37899485590201454	-0.16944664912294716	0.25	0	0.5	1	1	0	0	0	0	0	0	0	0	1	0
NS.2118.001.IDT_i7_140---IDT_i5_140.97	0.7197211056294672	-0.18971152354491258	0.1284030166294346	0.23956428784406075	0.7869931338632822	0.5015441415568535	1.1633894138030207	-0.9557818416364403	-0.26597925752965823	-0.05415780914257799	0.11843036169791672	-0.8255162684300827	0	1	0	1	1	1	0	0	0	0.6666666666666666	0	0	0.16666666666666666	1	0
NS.2118.001.IDT_i7_141---IDT_i5_141.137	0.49137008671055005	1.193470442884228	-0.11401272128685161	-0.05404649593435633	0.3975545875023601	-0.1688655943557453	0.32402489719252037	-1.0137098977558847	0.9389057370034666	1.0486025304091657	-1.2927692142723026	-1.4421540150855967	1	1	0	1	1	0.5	0	0.75	0	0	0	0	1	1	0
NS.2118.001.IDT_i7_145---IDT_i5_145.95	-0.4572931605633479	-0.6029214563470517	-0.4273985621444887	0.8665011306001917	0.6867139144724266	0.785657629781845	0.5518368952582948	0.44538226069751197	0.4257873550479251	1.149819035330271	-1.060189839883357	1.3928070583344305	0	1	0	1	0.5	1	0	0	0	0	0	0.5	0	1	0
NS.2118.001.IDT_i7_146---IDT_i5_146.64	-2.0836754527157666	1.8639805363644282	-0.5061092457560192	-0.5624923168344304	-0.982201763491855	-0.8978726362716912	-1.4014787746910975	0.2294850250497633	0.36469378212296183	-0.1573099761912013	0.27151462785350716	0.16621559984185794	0	0	0	1	0.5	0	0	1	0	0.5	0	0	0	0.6666666666666666	1
NS.2118.001.IDT_i7_147---IDT_i5_147.41	0.08475026553346783	-0.9612490820684105	-0.026474719686621906	0.7832381374799261	0.3530370887357536	0.37204183322909073	0.4639152251629696	1.1876882358304661	0.47250289532976064	-0.7092313135202135	0.5750854688034234	0.8047867206330925	0	0.5416666666666666	0	1	1	1	0	0	0	1	0	1	0	0	0
NS.2118.001.IDT_i7_148---IDT_i5_148.238	0.6062368750966408	-0.6317589386397813	-1.0206129994684083	-0.564904619192413	-0.47472250003434335	-0.7000797349940121	-1.1730619204170338	-0.7145902422184265	-1.1610985691061844	0.20586937985401013	-0.03727375726674756	0.14955877021433733	1	1	0	1	1	0	0	0	0	1	0	0	0	1	0
NS.2118.001.IDT_i7_149---IDT_i5_149.6	2.242118431687744	-0.7859607537234605	0.8078614543749791	-0.5914281131674128	0.9720027250400514	0.19778008807247216	1.8797040023522458	-0.48947401463715867	-0.42925907002298697	0.5702592018523129	-0.3214930992180672	0.4581826343135524	0	1	1	1	1	1	0	0	0	0	0	0	0	1	0
NS.2118.001.IDT_i7_150---IDT_i5_150.130	2.276733309148274	0.3731078993487451	0.8163982325899404	0.990862710805392	-0.07488103970310538	0.8512987867786396	0.2131144863620134	-0.08760836783306769	-0.22566548992412402	-0.4985088311487194	0.5339723018513369	-0.4729649782868332	1	1	1	1	1	1	0	0	0.25	0	0	0	0	1	0
NS.2118.001.IDT_i7_151---IDT_i5_151.78	0.6238934840830013	0.7694462765726592	2.091786028422196	-0.22216570683139258	0.73566919615013	1.8243966482980514	2.684870132070412	-0.29261967417224977	-0.7517695218042104	0.8011568110430879	-0.4399822227379405	1.0173772218927069	0	0	0	1	1	1	0	0.5	1	0.75	0	0	0	1	0
NS.2118.001.IDT_i7_152---IDT_i5_152.138	1.488332706330333	0.2213440275070762	0.829165785195858	0.03638947090040194	0.7249228076760817	0.8438102329422914	1.475619031875055	1.049198284043125	1.2358266258863386	-0.5287889480837922	0.22725734739711423	0.03985016844420642	0.25	1	0.25	1	1	1	0	0.75	0	0	0	1	0	0	0
NS.2118.001.IDT_i7_153---IDT_i5_153.115	0.06271147592569945	-1.1451551960952286	-1.1853061900744077	1.006078261422306	1.1199252307082759	0.45692046089144644	0.08740171891291791	1.5336390709817787	1.1763216820235118	-0.09977422973457853	0.016534472437350796	1.480066123520063	0	1	0	1	1	1	0	1	0	0	0	1	0	0	0
NS.2118.001.IDT_i7_154---IDT_i5_154.103	-0.3755437355837856	-1.1620181098475701	0.6612920826957092	0.07371151441086005	-1.7224028175348831	-0.39969223664840964	-2.256697835097146	-0.9578970587270641	-1.346807672200053	-0.3954961940591515	0.5934300016895357	-0.40167642060409214	1	0	0	1	1	0	0	0	0	0.5	0	0	0.5	1	0
NS.2118.001.IDT_i7_157---IDT_i5_157.12	-0.41254100631701696	-1.6216478151960247	-1.5312457140775337	-1.2644805101228473	0.07805115410997598	-0.7526774776013764	-0.5108483826848906	1.0162410564554194	0.46457241009679534	-0.4801125434962484	0.4007618963401558	0.8537640439279877	0	1	0	1	1	0	0	0	0	0	0	1	0.41666666666666663	0	0
NS.2118.001.IDT_i7_158---IDT_i5_158.153	1.5222537093964474	-0.8774327772493798	0.4175458294938361	0.4961314128313216	0.45002834526539853	0.9616748117166626	0.8501925616245802	0.4048028667465161	0.4743782837938995	-0.11933811326787647	-0.024176312079977502	-0.2387964708418738	0	1	1	1	1	1	0	0.16666666666666666	0	0	0	0	0	1	0
NS.2118.001.IDT_i7_159---IDT_i5_159.79	-0.43628968126605494	0.2464855619548798	-1.1294239941874755	1.1573990077954743	0.8970842628706199	0.9373194661410742	0.1998933748109505	0.029057102972333465	0.25056107839835284	0.12224522231701457	-0.4262877563000261	-1.0176121297248435	0	1	0	1	0	1	0	0.75	0	0.5	1	0	0	1	0
NS.2118.001.IDT_i7_160---IDT_i5_160.229	1.188419141879304	0.4192251300738589	1.5547161866071286	-0.9361201675923334	1.183484140102184	0.8614386498912731	2.6743833912600934	0.5724360604718101	1.3193947292423305	0.14806827162519204	-0.5584471529415889	-0.7793133954928819	0	0	0	1	1	1	0	1	0	0.5	0	0	0	1	0
NS.2118.001.IDT_i7_161---IDT_i5_161.346	1.2988942825852594	0.5895980938792046	0.1456119153531169	0.43258787327846515	0.9175563010267018	1.0623144782054526	1.011208203940002	0.23377427287314023	0.26419089236740906	0.04959801891738033	-0.08852957170337529	0.02417452528865788	0.25	1	0	1	1	1	0	1	0	0.5	0	0	0	1	0
NS.2118.001.IDT_i7_162---IDT_i5_162.31	-1.8779125380607768	0.10765418647995588	-0.4051916650678986	-0.49078218762740067	-0.6993639169466646	-0.44712065897563225	-0.9291015920202778	-0.8151047555148463	-1.144684272780827	0.15311818345837103	-0.043347802347053835	-0.18914359823577073	0	0	0	1	1	0	0	0	0	0.5	0	0	0	1	0.25
NS.2118.001.IDT_i7_163---IDT_i5_163.20	-0.18888337855190648	1.4234578513003857	-2.8174316924950706	-1.210772487626809	0.4055879263809107	-0.8144243447231045	-0.9806293008280949	-0.09033258871353968	-0.8731886783698801	-0.5004601853574202	0.6485221909666525	0.09288822125259237	0	1	0.25	1	0	0	0	0	0	1	0	0	0	1	0.25
NS.2118.001.IDT_i7_164---IDT_i5_164.288	-2.321335598323992	1.039852992646473	-0.7944857737338002	-0.15895227614977475	-0.7833785700918797	-0.457462679268602	-1.7873484225739054	-1.1674402021179309	-0.5934291856752073	1.6271186019124162	-1.4240962527106027	0.8664642737640205	0	0	0	1	0	0	0	0.75	0	0	0	0	0	1	0
NS.2118.001.IDT_i7_165---IDT_i5_165.88	0.9664934440483085	0.1829720677698491	-1.0259072011721853	0.5833166451095022	0.8662670656285588	-0.06723683457284385	0.12536484488065194	-0.9653007915158089	-1.2810589066458027	0.5012684203576733	-0.12458680245599502	0.510290577665592	0	1	0	1	1	1	0	0	0	0.5	0	0	0.5	1	0
NS.2118.001.IDT_i7_166---IDT_i5_166.193	1.4258019767051917	-0.5306748335716628	-0.1985566510173099	0.24927440828919312	1.6360685966259316	0.7802118114888705	1.1578891975370385	0.8666344189146228	0.056272775099467896	-0.270201222229804	0.3669936230864941	1.273838357550498	0	1	0	1	1	1	0	0	0	0	0	1	0	0	0
NS.2118.001.IDT_i7_169---IDT_i5_169.321	1.2880165760683346	-0.8127086162395702	0.41610505418461313	0.05592591053807151	0.517445446651759	0.38858312977936366	1.2056192637574685	0.3154472068269903	-1.5302611354937186	-1.113422187529805	1.1927208430996796	-0.010564142723514268	0	1	1	1	1	1	0.5833333333333333	0	0	0.5	0	0	0	1	1
NS.2118.001.IDT_i7_170---IDT_i5_170.200	-1.1723255420093934	0.2619847585125483	-0.37543894278153844	-0.957561006324269	-0.969467808118144	-1.3482554058641867	-1.1442677303642186	-0.5481480582937814	-1.0232370380069096	-1.3921644331316751	1.6005609495834552	-1.0869299779284123	0	0.16666666666666666	0	1	1	0	0	0	0	0.5	0	0	1	1	1
NS.2118.001.IDT_i7_171---IDT_i5_171.159	-0.5177337782945133	-0.9863945437130761	0.6863874167438695	-1.8839838983930282	-0.7837851752346361	-0.841988617381237	-0.058861670788341966	0.9121078738290362	0.07964941221143447	-0.8553627484976517	0.8389480096823572	0.5850095845346523	0	0	0	1	1	0	0.25	0	0	1	0	1	0.5	0	0
NS.2118.001.IDT_i7_172---IDT_i5_172.72	-0.573519745663306	-0.8679502293736099	-0.5581650103469455	1.4713843425789535	-0.42702115640453486	-0.20013096391597548	-1.0324152447790074	1.5016312247454637	1.262935739845205	-0.34464105608125684	0.011934732553723154	0.9101101048777572	0.5	0	1	1	1	0.5	0	0	0	0.75	0	1	0	0.25	0
NS.2118.001.IDT_i7_173---IDT_i5_173.18	0.21801701860780665	-0.5213748413716505	1.0213485164032243	-0.03453392039544649	0.32369512277139295	0.6952583349583217	1.1329661155859378	0.5328348855347953	-0.029390845820180745	-0.7114875841405006	0.6590108635306254	0.060327601510883136	0	0	0	1	1	1	0	0	0	1	0	0	0	1	1
NS.2118.001.IDT_i7_174---IDT_i5_174.282	2.0827582907591724	0.8574208141207584	0.17696201987356186	1.3947571375806742	0.061371246750596534	0.8637394307423745	-0.13605104261471854	-0.8067760475347898	-0.6389627164679443	1.2282135117493842	-0.8552611239198176	1.2026845136460806	1	1	1	1	1	1	0	1	0	0	0	0	0	1	0
NS.2118.001.IDT_i7_175---IDT_i5_175.177	1.1221594287917347	-0.3931257114274447	1.2290193757695986	1.1512685211798717	-0.33854166715448486	1.1863441570321778	0.15428764500542524	-0.020636305312816072	-0.9972829187800551	-0.5586627143156212	0.6513377193387957	0.10411245088836538	1	1	0.75	1	1	1	0	0	0	1	0	0	0	1	0
NS.2118.001.IDT_i7_176---IDT_i5_176.352	-2.223390305799073	1.6755191298438352	-0.6621935758574542	-0.5443863278509022	-0.8202321433913254	-0.8804050765579334	-1.3424462714892997	0.06676239648913793	0.8064684217057569	2.4428812353523828	-2.5076263896518283	1.5119063056848816	0	0	0	1	0.5	0	0	1	0	0	0	1	0	1	0
NS.2118.001.IDT_i7_177---IDT_i5_177.120	-0.45719662025383023	-0.673757861699909	-1.7411912000789953	-1.9374555560951303	0.3465255859728938	-1.0734404284618342	-0.21400603462618828	-1.0201692205942978	-0.492902383318655	1.0191072537796675	-0.6073406417852559	0.6574242029348505	0	1	0	1	1	0	0	0	0	0	0	0	1	1	0
NS.2118.001.IDT_i7_178---IDT_i5_178.2	0.4528991329627564	1.3631391159956066	-1.966032467389178	-0.9801450890311617	0.09242724577014341	-0.8385691505934841	-0.7461702239456247	0.19703874604550098	0.08620319918029057	-0.09756973666783728	0.34691789931816686	0.4439754476017794	0	1	0.75	1	1	0	0	1	0	0	0	0	0.25	0	1
NS.2118.001.IDT_i7_181---IDT_i5_181.257	2.0095567742821854	1.1632165387773625	1.183203032194707	1.3753260973766563	-0.3127934870768218	1.1768970106705714	0.022118071105734154	-0.2564855342382536	1.0225216822613608	1.4327729960050044	-1.7324518708432057	-0.2620793853945967	1	1	1	1	1	1	0	1	0	0	0	0	0	1	0.16666666666666666
NS.2118.001.IDT_i7_182---IDT_i5_182.191	0.045752529383958386	0.5398882450783169	1.4512904418882189	-0.14986426916214501	-0.08251566220364054	0.23670333702974117	1.1537676970818338	0.37555669383990997	0.17404060522418993	0.12909067678621178	-0.21166779588591444	0.46566965727805976	0	0	0	1	1	1	0	0	0	1	0	1	0	0.8333333333333333	0
NS.2118.001.IDT_i7_184---IDT_i5_184.209	0.10749484472180279	0.12982527727262155	0.027326449535929262	-0.05119664012305737	0.6309675201109455	-0.018298838715161615	1.1537337080729722	0.1421840675876653	0.2696576090791325	0.349263246691973	-0.5173167587695437	-0.2903351547160628	0	1	0	1	1	1	0	0.25	0	0.5	0	0	0	1	0
NS.2118.001.IDT_i7_185---IDT_i5_185.224	-1.0700399494139605	-0.1595090748648907	0.057876844879773987	-0.8734164392821191	-1.0675362405237854	-1.0333253443229466	-0.9853521432644305	0.5104277373743307	-0.5880526037101212	-1.9337253315936922	1.9418356118823357	-0.7245144970070069	0	0	0	1	1	0	0	0	0	1	0	0	0	0	1
NS.2118.001.IDT_i7_186---IDT_i5_186.249	0.5381369317020933	1.6934335291707368	-0.7640402848224672	0.036946432694100424	1.2530775915043153	0.1685421023074598	0.5839309400207324	-0.3683521642249892	-0.38524216524043214	0.5227195552107983	-0.22067004628640027	0.7049920096081327	0	1	0	1	1	1	0	0	0	1	0	0	0.16666666666666666	1	0
NS.2118.001.IDT_i7_187---IDT_i5_187.26	1.3377611398331826	-1.9360160310367398	0.5960200147123904	-0.1356894010198143	0.4288044191879483	-0.011069062212807425	1.1220588172103885	1.6534629495244912	0.9352946199715058	-0.10135736629072287	-0.054434757800620216	1.677149952779832	0	1	0.875	1	1	1	0	0	0	0	0	1	0	0	0
NS.2118.001.IDT_i7_188---IDT_i5_188.182	0.9295440471423717	-1.5205086109855552	-0.016774778968493623	-0.24491572655959098	1.5566215129635372	0.6121580825595379	1.507463592319664	0.15932236486119528	-0.23117682431329778	0.54091473750689	-0.20603818137628765	1.060814758980285	0	1	0	1	1	1	0	0	0	0	0	0	0.375	0.5	0.3333333333333333
NS.2118.001.IDT_i7_189---IDT_i5_189.244	-2.1789905260617473	1.2601073747132872	0.007973780882074514	-0.7653784868279434	-1.0231326006324446	-0.806745414331222	-0.8879270199002587	-0.3792518262554062	1.1789177261190862	1.1203856938459436	-1.611192719444972	-1.239455582698501	0	0	0	1	1	0	0	1	0	0	0	0	0.25	1	0
NS.2118.001.IDT_i7_33---IDT_i5_33.61	0.7150067223383874	0.3955197152563726	-0.15949037757046514	0.5477876441483895	0.83308055389851	0.795017389155219	0.8700605699477575	0.24574660478234528	-0.4808977837403815	-0.14662322812684972	0.23014533137389526	0.20132106625702595	0	1	0	1	1	1	0	0	0.25	0.75	0	0	0.25	1	0
NS.2118.001.IDT_i7_98---IDT_i5_98.158	1.8294852060888545	-1.1433601318202415	0.6832935960042423	0.02804696072599327	1.4658791590849736	1.6251521966848714	1.9185052805897882	0.9653753725052983	0.3220395449544969	-0.4278867915293544	0.36990172720921666	0.8596395919002467	0	1	1	1	1	1	0	0	0	1	0	1	0	0	0
NS.2118.001.IDT_i7_99---IDT_i5_99.217	1.1910024173680993	0.6491621864108024	-0.041656995979537065	-0.1142594907877477	1.3035370181241217	0.19936089154061074	1.3333580193317736	-1.714116509352594	-0.6944051824076503	1.1444730167581363	-0.5523194859881186	0.882368692138563	0	1	0	1	1	1	0	0.3333333333333333	0	0	0	0	1	1	0
NS.2118.002.IDT_i7_1---IDT_i5_1.290	0.15172775994703208	1.3452975640750306	0.5791404311202526	0.20999795418349385	0.41521261368282897	0.3818071387373152	0.827318460797672	-0.8509829763986838	-0.9227027634457454	0.8063534349783659	-0.3916976578640496	0.7981717485373837	0	0	0	1	1	1	0	0	0	0	0	0	0.5	1	0
NS.2118.002.IDT_i7_107---IDT_i5_107.60	-0.47886084704447357	-1.189263967614635	0.28336516468947714	0.9801131672480523	-0.36544826294591726	0.2801680301548184	-0.10248315942055294	0.8452569781030118	-0.03589717357192954	-1.019745299491534	1.0285178184208976	0.5160759192742981	0	0	0	1	1	1	0	0	0	1	0	1	0	0	0
NS.2118.002.IDT_i7_108---IDT_i5_108.128	-2.096766590338829	-0.39402371849019235	-0.3769544910686007	-0.7929430455810819	-1.0102633499571492	-1.2093851585197442	-1.2395729923512557	0.24091716310936134	-0.2975785874358089	-0.5294650345914262	0.6190173939362499	0.24563460220195027	0	0	0	1	1	0	0	0	0	1	0	0	0	1	0
NS.2118.002.IDT_i7_119---IDT_i5_119.307	-1.3524724282872134	1.2305802904137253	-1.0559768373563867	-0.8357362569795104	-0.5004438683978863	-1.049652853649643	-0.9200349821751497	-0.5598710829611001	-0.17285221051618718	1.4824704332212684	-1.2937214233811594	0.8610809102904072	0	0	0	1	1	0	0	1	0	0	0	0	0.5	1	0.16666666666666666
NS.2118.002.IDT_i7_120---IDT_i5_120.239	-1.0783710422155472	0.1806256232022291	-0.1921315673943179	-0.9922293403930904	-0.8698671386992354	-1.0814690543261045	-0.8412662799299472	0.45841474757057676	-0.9496217056531723	-0.7616031127787081	0.9496051176287148	0.48399287203967717	0	0	0	1	1	0	0	0	1	0	0	0.16666666666666666	1	0	0.5
NS.2118.002.IDT_i7_13---IDT_i5_13.151	0.12457697545576882	-0.15621358411778022	-0.34063591782154845	-1.0997188107107179	-0.5406601677524312	-0.7303755963236457	-0.49898719281948056	1.176587477751641	-0.01756465737299076	-1.0556326883654261	1.0399899139921838	0.8607903585443636	0.3333333333333333	0.6666666666666666	0.5	1	1	0	0.16666666666666666	0	0	1	0	1	0	0	0.5
NS.2118.002.IDT_i7_131---IDT_i5_131.38	0.8890234121677635	0.7484961589610851	-0.8186437966567399	-0.498869461121219	-0.7284494353290558	-1.0896846457521132	-1.7640555085162308	-0.8136466501587651	-0.5241757877488276	0.5356198254092679	-0.4070862914043383	0.24200721446890242	1	1	0.3333333333333333	1	1	0	0	0	0	0.5	0	0	0	1	0
NS.2118.002.IDT_i7_132---IDT_i5_132.312	0.440416165176315	0.16115741890331897	0.3386829125754921	1.1179554362377675	0.26119547413156796	1.3766672954559396	0.5085665877965144	-1.1590232906610907	-1.0857419865420312	-0.1364660702910403	0.3213184563275799	-0.48209217392371545	0	0.3333333333333333	1	1	1	1	0	0	0	1	0	0	0	1	0.16666666666666666
NS.2118.002.IDT_i7_14---IDT_i5_14.353	0.6401422378590577	0.7928119360630722	0.37725828911583537	0.6080944721881648	-0.1987745878047288	0.03687335199412799	0.11260687404344796	1.263338298693239	0.7245589819215597	0.3667268451063143	-0.3806124179277443	1.744694264204567	0.6666666666666666	0.5	0	1	1	1	0	1	0	0	0	1	0	0	0
NS.2118.002.IDT_i7_143---IDT_i5_143.300	-1.809233734330622	1.5736047071270356	-0.0836917341078307	-0.7581601426958878	-0.9341612040647216	-0.9034506259864183	-0.9493141879849938	-0.26868491279436557	1.165196991217881	0.8827266137029974	-1.228463063313125	-1.1216947357649971	0	0	0	1	1	0	0	1	0	0	0	0	0	1	0.8333333333333333
NS.2118.002.IDT_i7_144---IDT_i5_144.325	2.3555242008439263	0.5251560422910945	-0.1923077320523016	0.638311591783761	0.436190477013121	0.4114624977200121	0.1468582460173253	1.6198670290952828	1.606415538557699	1.1040691562660538	-1.249762711795023	2.1318758841624605	1	1	1	1	1	1	0	1	0	0	0	1	0	0	0
NS.2118.002.IDT_i7_15---IDT_i5_15.293	1.8513446156070184	-0.2334126201737566	2.0278277734411567	-0.13975026938113755	0.5652728868166945	1.5469631302021059	2.2692534544891005	0.27467749663275204	-0.16976754767398367	-0.6737734812096723	0.6938994255655747	-0.08909491414372331	0	0.8333333333333333	1	1	1	1	0	0	0	0.5	0	0	0	1	0.3333333333333333
NS.2118.002.IDT_i7_156---IDT_i5_156.331	-1.7698157949250608	0.19080134615413613	-0.3109086071647438	-0.7369990152523935	-0.9898472839919827	-0.9819363733866433	-1.0600602037761928	-0.27462574490005676	-0.2762022055614546	0.018237910227828447	0.13852004819058766	0.18704706826762246	0	0	0	1	1	0	0	0	0	0	0	0	0	1	1
NS.2118.002.IDT_i7_16---IDT_i5_16.166	1.5164641717692664	0.2558706369599394	0.9140363637468907	0.8704698442130381	0.08751563780477513	0.8264443472098927	0.3784410605328243	-1.5815994506862645	-2.21631608767568	0.3443775945622151	-0.05636203755167869	-0.21946898309844412	1	1	1	1	1	1	0	0	0	0	0	0	0	1	0.3333333333333333
NS.2118.002.IDT_i7_167---IDT_i5_167.324	-0.3417042284321522	0.8094363261680955	-1.7366115169119571	-1.830424978495343	0.18113952865074534	-1.2842595101238303	-0.4269409188933547	-0.213133449271225	-0.28399512828709833	-0.0613897552276505	0.33555219453285556	0.27205006572488144	0	1	0	1	1	0	0	0	0	0.5	0	0	1	1	0.5
NS.2118.002.IDT_i7_168---IDT_i5_168.132	0.11443276810385723	0.24839380827146068	2.229097058868534	-1.3761122458563948	-1.4100098255311435	-0.4508378093469537	0.1799306467905751	0.48219604747100386	0.20607801006765603	-1.1316829411746114	1.096610332555461	-0.9051021908360971	0	0	0	1	1	0	1	0	0	0.75	0	0	0	0	1
NS.2118.002.IDT_i7_179---IDT_i5_179.232	-2.5132053135978376	0.2220555972282941	-0.827216483810296	-0.3166857303166049	-0.756902868901097	-0.4907864541077156	-1.5445915122578615	-0.9407680970690373	-1.6959023391483041	-0.1722451957155507	0.3863533887598903	-0.1391711945537796	0	0	0	1	0	0	0	0	0	0	0	0	0.5	1	0
NS.2118.002.IDT_i7_18---IDT_i5_18.94	1.985239145745462	0.1971234719970147	0.5176794456993918	-0.36799221323136894	1.304380117290985	0.48096262331546813	1.6978372643524184	-0.92192166647301	-0.6355398682760864	0.7734691022989026	-0.5550886032080744	0.38248239880588086	0	1	1	1	1	1	0	0	0	1	0	0	0	1	0
NS.2118.002.IDT_i7_190---IDT_i5_190.162	1.1995779104413633	1.2275260673721826	0.20530066007112852	-0.262695172987214	1.1839442738899706	0.43149544213519286	1.43235341415209	-0.20163282243758124	0.046481402913419984	1.7169689997986346	-1.596393878656181	1.3267313021557015	0	1	0.16666666666666666	1	1	1	0	0.16666666666666666	0	0	0	1	0	1	0.5
NS.2118.002.IDT_i7_191---IDT_i5_191.228	-1.2712598231726067	-1.9486938325697125	-0.52620994594057	-1.0935112676893741	-0.8122734023337117	-1.4510441248755925	-1.1032673957544659	1.4679010167131332	0.5342215052893008	-0.8545389317156602	0.6677919379178068	1.0134640094130765	0	0	0	1	1	0	0	0	0	0	0	1	0	0	0
NS.2118.002.IDT_i7_2---IDT_i5_2.335	-1.3838321092715185	2.076573046809566	-0.2564844701756271	-0.6790348958154373	-0.8500660515804083	-0.756180830474138	-0.9654650052368245	0.3929015401820139	-0.5908810853800045	-1.2655196950475602	1.340709424493304	-0.3474273991450946	0	0	0	1	1	0	0	0	0.16666666666666666	1	0	0	0.5	0.5	1
NS.2118.002.IDT_i7_25---IDT_i5_25.247	-2.070345583142914	-0.35175721103965046	-0.5166743206289928	-0.5581548738936009	-1.0309066290452067	-1.1279041713317253	-1.6026983961870203	0.4795780256248589	-0.7852548445667366	-2.1258446803501903	2.0971670085610565	-1.1542406812865655	0	0	0	1	1	0	0	0	0	1	0	0	0	0	1
NS.2118.002.IDT_i7_26---IDT_i5_26.3	-1.910979336415994	0.03806575846181137	0.1725497762257044	-0.6882493278681154	-0.8400316041509307	-0.4833043351039352	-0.7072774797619211	-1.217281499229319	-0.7394958111677384	-0.7491736589883732	0.9243792604261944	-1.209270937721263	0	0	0	1	1	0	0	0	0	1	0	0	1	1	0.5
NS.2118.002.IDT_i7_27---IDT_i5_27.350	1.3280019005560129	0.7807979445653638	0.17263929092316363	0.45313095267533643	0.03184963265332526	0.010708013259218201	0.2642217170607285	0.42138348727969854	0.1393701483276768	0.390898816264084	-0.24277229034320774	0.9881108784069925	0	0.41666666666666663	1	1	1	1	0	0	0	0.5	0	0.5	0	1	0.5
NS.2118.002.IDT_i7_28---IDT_i5_28.223	0.18778863299110973	0.6158041182413101	-1.489823042268434	-0.506596928975779	-0.48414374790308673	-0.8291044846647599	-1.5121910272967303	-0.7051953009419851	-1.448598130533104	-0.3694489267012369	0.6343673438718694	-0.0631890280840149	0	1	1	1	1	0	0	0	1	1	0	0	0	1	0.16666666666666666
NS.2118.002.IDT_i7_3---IDT_i5_3.251	0.31971156585466226	0.17526898657561418	0.8717875295981388	-1.0950275121688753	-1.6581958874153249	-1.5438618097625567	-0.9648587774162607	0.08843111342161439	-2.165996800690568	-1.80542486204624	1.8816280629448483	-0.9109299104232175	0	0	1	1	1	0	1	0	0	1	1	0	0	0.25	1
NS.2118.002.IDT_i7_30---IDT_i5_30.292	-0.8388654686219938	-1.6277604645582595	0.12393949282200722	-1.387872697728477	-0.6882192706534009	-0.6886398234719571	-0.38483214238476365	0.18295529528636026	-0.3296341262310737	-0.6846356217188222	0.7033663747174381	-0.14170582829702444	0	0	0	1	1	0	0	0	0	0	0	0	0	1	0.8333333333333333
NS.2118.002.IDT_i7_31---IDT_i5_31.175	-1.1458663135749727	0.04398642326717141	-1.5896710594819488	-0.8673666944441116	-0.32104025659115365	-1.0352280541706023	-1.012604982116082	-1.0501661613467723	-2.034900206437497	1.6436587156467342	-1.3768064109719125	0.897485372659828	0	1	0	1	1	0	0	0	1	0	0	0	0	1	0
NS.2118.002.IDT_i7_32---IDT_i5_32.179	-2.3975185643688306	0.24164417640676758	-0.6278141703083631	-0.21329417347169233	-0.9100354511111719	-0.5280058854601117	-1.700464106272744	0.013933357738912966	-0.882982991818517	-0.5359651887394465	0.5499482439165447	-0.12442632866748692	0	0	0	1	0.5	0	0	0	0	0.5	0	0.25	0.25	1	0
NS.2118.002.IDT_i7_33---IDT_i5_33.110	0.05832933165626114	-0.8140932068098458	-0.4807101425805057	-0.07851707745729092	-1.0919492789154792	-0.6183103806519726	-2.3501997472399196	-0.6996093297308927	-1.1619408755099991	-0.16342830919401719	0.30677197041031284	-0.1509886319379843	1	0.875	0.5	1	1	0	0	0	0	1	0	0	0.5	1	0
NS.2118.002.IDT_i7_37---IDT_i5_37.21	0.17384891385287232	-1.0130952541103646	-0.23941388848443815	0.3305839890795287	0.5757668869678032	0.131365469089493	0.6167906089694553	1.6706073616642882	1.7118086721101007	-0.5276319884628586	0.03699282300141242	0.4865521555160359	0.3333333333333333	1	0	1	1	1	0	0	0	0	0	1	0	0	0
NS.2118.002.IDT_i7_38---IDT_i5_38.121	2.707484190727743	0.8151262387089236	0.525211514596795	0.19449931896031838	0.20890120928455225	0.0101232816599026	0.4290041935542733	1.171630980519288	1.0599668093559558	0.688216481687059	-0.8277911562242982	1.5098866253995018	1	1	1	1	1	1	0	0.6666666666666666	0	0	0	1	0	0.5	0
NS.2118.002.IDT_i7_39---IDT_i5_39.99	-1.9625388790143765	0.505317196805519	-0.5537486822170521	-0.39319660304654885	-0.9347064825225304	-0.6737901032578191	-1.4635345531975765	0.6977750328411754	0.6800785337355088	-0.08472870701962276	0.0669586769725528	0.6832657275847321	0	0	0	1	0.75	0	0	1	0	0	0	1	0	0.75	1
NS.2118.002.IDT_i7_4---IDT_i5_4.306	2.6807578108733585	1.2553902094424596	1.2546057859496456	0.2987486337616394	0.18436633441072367	0.6368143473722496	0.7987477050666695	-1.0951239397653678	-0.45564347580544484	1.6705178330917088	-1.3139529557170595	1.0403686333753401	1	1	1	1	1	1	0	1	0	0	0	0	0	1	0.25
NS.2118.002.IDT_i7_40---IDT_i5_40.33	1.2578116943589457	-0.13883195070387505	0.28345944743742063	1.3230742685092503	-0.09824886871578038	0.44216173358724986	-0.2108151784913368	-0.3396639557951202	-0.805718670681855	0.5781251532009317	-0.2778037837353051	0.6887066121509806	1	1	0.3333333333333333	1	1	1	0	0	0	0.6666666666666666	0	0	0.5	1	0
NS.2118.002.IDT_i7_41---IDT_i5_41.344	-0.8109064578423293	-0.496894789711465	-0.09563010367394609	-1.907016404723061	-0.5320040063815812	-0.8851215641504601	-0.25912793657710237	-0.12848936609967335	-0.8590629341193337	-0.5871353381162064	0.7031422996605626	0.09567978977505517	0	0	0	1	1	0	0	0	0	0.5	0	0	0	1	0
NS.2118.002.IDT_i7_42---IDT_i5_42.329	0.1083048933582618	-0.8524463993198341	-0.7042828453282547	0.6657204804927115	1.1517462782439047	0.9105693941429474	0.4702500776028157	0.6821955404050328	0.15903329875347086	0.5593807148040859	-0.19234229879863635	1.8881968281803574	0	1	0	1	0.5	1	0	1	0	0	0	0.5	0	0	0
NS.2118.002.IDT_i7_43---IDT_i5_43.274	1.6188413716794396	-0.46725409340333157	2.5502340353601145	0.49589773777421287	0.2015244154397465	2.4159287119531667	1.6619931523205103	-0.40041908201477183	-1.253747559261429	-0.9274675164198615	1.113546726131023	-0.44929672623709616	1	1	0.625	1	1	1	0	0	1	0	0	0	1	0.125	0
NS.2118.002.IDT_i7_44---IDT_i5_44.105	0.6537568953313224	-0.03318037779659441	-0.7442258812986731	0.5507731813147516	0.1418301192121733	-0.24233123903527853	-0.24776217067921563	0.48715251870957854	-1.407754120360584	-1.682119835230128	1.7634356988165387	-0.37007255209248435	0	0.6666666666666666	1	1	1	1	0	0	0	1	0	0	0	0	1
NS.2118.002.IDT_i7_45---IDT_i5_45.268	-0.6795560694899541	0.40226678485104417	-1.5193396248802071	-0.14993909469470096	-0.5925486881208657	-0.47789595876079016	-1.9002090913110419	0.24984949039162602	0.4634183431373592	0.08692255825342268	-0.2834453780052762	-0.5256218765824888	0	0	1	1	0	0	0	0.8333333333333333	0	0	0	0	0	1	0
NS.2118.002.IDT_i7_49---IDT_i5_49.144	-0.8365517404726495	-1.8106082318503973	0.6651823341026534	0.7169917108801929	-0.40175910678414384	0.22683733149054397	0.14770733059249794	0.9392652721200423	0.03360956753521787	-1.0880649654468413	1.0949575896699402	0.5558430671636483	0	0	0.16666666666666666	1	1	1	0	0	0	0.5	0	1	0	0	0
NS.2118.002.IDT_i7_5---IDT_i5_5.37	0.27083382227979064	-0.4307770672416452	-1.1992552549973856	-0.12552247537688815	-0.7028363959350425	-0.5688126397694999	-2.2543465736347947	0.9829984232409141	0.2638295141068727	-0.6439631378301579	0.6276810997582263	0.9448167649588153	1	1	0.5	1	1	0	0	0	0	0	0	1	0	0	0
NS.2118.002.IDT_i7_50---IDT_i5_50.156	-0.5305342646557725	0.06831609916369924	0.7763282540834029	-2.0818032812580824	-1.2786190025209216	-1.6680532119679587	-0.550646133093735	0.4980292958737735	-1.0066000608578032	-1.5234880601518175	1.6174078798577056	-0.31208891742956985	0	0	0	1	1	0	0	0	0	1	0	0	0	0	1
NS.2118.002.IDT_i7_51---IDT_i5_51.267	-1.0786131729574673	0.05759886119615373	-0.03504344053166193	-1.4015205012685374	-0.7906437169161669	-1.1447258008981538	-0.45754310967063133	0.11876228907612713	-0.08505898183945418	-0.37547683772882756	0.3582643993581214	-0.13197782753355036	0	0	0	1	1	0	0	0	0	0.8333333333333333	0	0	0	1	0
NS.2118.002.IDT_i7_52---IDT_i5_52.181	2.1208603929954375	-0.30706045531566817	0.6238775855489992	1.0314284032711982	-0.20415368435658676	0.6672495872208072	-0.1031393647291523	-0.4733991235620834	-1.0259588149021863	0.356015583050856	-0.07454515090485492	0.3097101885770954	1	1	1	1	1	1	0	0	0	0.8333333333333333	0	0	0	1	0
NS.2118.002.IDT_i7_53---IDT_i5_53.8	-2.531131053816038	-0.4840387160622732	0.19675352343094277	0.16189978018180617	-0.7786484647810532	-0.3260992314945106	-0.47302264248225717	0.18613927190305232	-0.5165616429357321	-0.8594744278549313	0.8788675607980081	-0.2907951469572557	0	0	0	0.5	0.5	0	0	0	0	1	0	0.5	0	1	0.5
NS.2118.002.IDT_i7_54---IDT_i5_54.11	-1.0983847726896383	2.0221027585092406	-1.1828374342255823	-0.16085811419165091	-0.5759220590247334	-0.4254597904777303	-1.6465401485174636	-0.6963001443016499	0.36738217536539053	1.1575151017380463	-1.3164506378231835	-0.5094031947887483	0	0	0.5	1	0.5	0	0	1	0	0.5	0	0	0	1	0
NS.2118.002.IDT_i7_55---IDT_i5_55.16	-0.46369784288983873	-2.5217470735954346	0.8432860607250883	0.4726496799531795	-0.38535372667911466	0.12619045429926726	0.2571464924865279	1.7396460281315909	1.073412666917629	-0.8696021152627423	0.6505506114572434	1.0512833318089623	0	0	0	1	1	1	0	0	0	0	0	1	0	0	0
NS.2118.002.IDT_i7_56---IDT_i5_56.220	-0.280453767111128	0.4362444600255909	-1.2940528046125466	-0.6655254380319161	-0.35978327646548275	-0.7569733595832974	-0.9692907417929367	-0.21083833454647571	-0.713306890458895	-0.5953897733236031	0.7637985897374925	-0.11547357573046825	0	1	0.6666666666666666	1	1	0	0	0	0.8333333333333333	0	0	0	1	1	0
NS.2118.002.IDT_i7_6---IDT_i5_6.176	-2.7994379257701145	0.6757753358469594	-0.7294284410868546	-0.08747514949485027	-0.7403676443875302	-0.37442153636958914	-1.4643583648801974	-0.37674909611232443	-1.0833817086671123	-0.17341985503061258	0.26183473633377874	-0.12213098905161061	0	0	0	1	0	0	0	0	0	1	0	0	0	1	0
NS.2118.002.IDT_i7_61---IDT_i5_61.180	-0.2928429103114852	0.6770405731126166	-0.3692023883419441	-0.36543222132470043	-0.950633605631498	-0.8938234409951467	-1.7688575542803422	-0.800253792110974	-0.3481862665285755	0.01914740890733022	-0.21087396773432748	-0.9290849582723386	1	0.8333333333333333	0	1	1	0	0	0	0	0	1	0	0	1	0
NS.2118.002.IDT_i7_62---IDT_i5_62.330	-0.650233525298392	0.5204491670990248	-0.920350931481818	0.9036266546451635	0.5149673356555002	0.0879076321697927	0.05818892338614443	-0.5849206037534507	-1.020891146351035	0.3399950589976018	-0.07194050697798703	0.49932629520699223	0	0.5	0	1	1	1	0	0	0	1	0	0	0	1	0
NS.2118.002.IDT_i7_63---IDT_i5_63.29	2.5177130069301548	2.1278189871933977	0.3098269092911012	0.5582218368930152	-0.17163270070622683	-0.04779019398760184	-0.018945932034524993	-0.5551250418972318	-0.1213932894682638	1.3117324821754468	-1.1455304610144825	0.9399900536387222	1	1	1	1	1	1	0	0	0	0.6666666666666666	0	0.6666666666666666	0	1	0.6666666666666666
NS.2118.002.IDT_i7_64---IDT_i5_64.236	-1.7493696589792045	0.4090239483986784	-0.41995608200590845	-0.5889926567969618	-1.0266368854858774	-1.0400359323315564	-1.4887824333809876	-1.1569148919812844	-0.6022796536567182	-0.17862777882369524	0.3133478202332233	-0.6437844730335015	0	0	0	1	1	0	0	0	0	1	0	0	0.5	1	0.16666666666666666
NS.2118.002.IDT_i7_65---IDT_i5_65.9	0.7556532937600305	-1.907910190996159	0.31131159049048945	-0.5865401434220259	2.1206331301043106	0.6613306746318857	2.0706985648392577	1.0975159579050588	0.5111739378349531	-0.8092368433806109	0.71833701848366	0.6790665648006822	0	1	0	1	1	1	0	0	0	0	0	1	0	0	0
NS.2118.002.IDT_i7_66---IDT_i5_66.212	-2.3248613903345725	-0.09646364890749284	-0.6137967681318852	-0.4072355634522109	-0.9227406070404415	-0.7083279478819113	-1.5331748729057457	-0.3738126643686683	-1.120356497988111	-0.485375329925987	0.736983643429912	0.028325049090223427	0	0	0	1	0.5833333333333333	0	0	0	0.8333333333333333	0	0	0	0.8333333333333333	1	0.25
NS.2118.002.IDT_i7_67---IDT_i5_67.160	-0.884713579677975	-0.21786899555795175	1.062624678774966	-1.4525271065646344	-1.328653036641311	-1.0412628138765823	-0.3361668952488856	0.937376481896947	0.15467205317421948	-1.1271142311136204	1.1012429196958982	0.41600727130205856	0	0	0	1	1	0	0.25	0	0	1	0	1	0	0	1
NS.2118.002.IDT_i7_68---IDT_i5_68.214	1.1563798248831005	1.1281722688854274	1.0042124094155036	-0.43175142181626214	1.4273631024282911	0.5083686487754462	2.2926963008297876	0.5197645243537079	0.02010152644782408	0.5906177015362066	-0.40886101393134533	1.1420087549475588	0	1	0	1	1	1	0	0	0	0.6666666666666666	0	1	0	1	0
NS.2118.002.IDT_i7_69---IDT_i5_69.231	0.12947566560622398	0.8545242453461173	-1.313680370665779	-0.47194430495980966	-0.46818119386366597	-0.6381210341299479	-1.4400132844635531	-0.6758990940899822	-0.8697963946366238	0.09494804427397663	0.020252813460138963	-0.21266689280666035	0	0.75	1	1	1	0	0	0	0	1	0	0.5	0.5	1	0
NS.2118.002.IDT_i7_7---IDT_i5_7.185	1.4082149539622448	0.22373017309145476	-0.27867437219156754	0.11813495279153162	2.4143859786798885	1.530773273867752	1.5932572639450413	-1.4283821753056807	-1.3721620731285804	1.0460546667294346	-0.5458625844499451	0.9372669854242512	0	1	0	1	1	1	0	1	0	0	0	0	0	1	0.16666666666666666
NS.2118.002.IDT_i7_73---IDT_i5_73.204	1.250807154014724	0.0011360212919485808	0.2426265234610633	-0.3556968947955952	1.3847860009494064	0.8050328622810479	1.7284940367284753	-0.011436780452259918	-1.0796687414549664	-0.8669453361457495	1.038782116224175	0.08264903230411833	0	1	0.5	1	1	1	0	0	0	1	0	0	0	1	0.16666666666666666
NS.2118.002.IDT_i7_74---IDT_i5_74.361	2.1268169655303777	1.1058821127484655	0.7021406759482609	0.27829654195971276	0.17527556633532435	-0.02854668649687514	0.4019665524776027	0.4774827761902002	0.7539611565591382	-0.1618967274006881	-0.161841932376877	-0.8864030920370003	1	1	1	1	1	1	0	1	0	0	0.16666666666666666	0	0	1	0
NS.2118.002.IDT_i7_75---IDT_i5_75.338	0.6659740574503976	0.49584817017653493	1.0781468749461076	1.02868182659348	-0.5399920130699367	0.16962117254572193	-0.05972711392440895	-0.1865848688783398	0.8129530650932106	0.15719542562573743	-0.3332932225591278	-1.0171601105569388	1	0	0.8333333333333333	1	1	1	0	1	0	0	0	0	1	1	0
NS.2118.002.IDT_i7_76---IDT_i5_76.311	-1.644299509300648	-0.1333003287241154	0.3016242282410885	0.8316918701464404	-0.5167449051431023	-0.11441721400304697	-0.2752360323477713	-0.783699579225915	-1.9746100543600935	-0.23995494393006125	0.5017842551068286	0.09652332576501765	0	0	0	1	1	0.75	0	0	0	0	0	0	0	1	0
NS.2118.002.IDT_i7_77---IDT_i5_77.148	-0.24537875698765135	-1.1321926736755619	0.32990619372890595	-0.7380761130709563	-0.7783777843742263	-0.3889690030460148	-0.22675890354141456	0.2312216539269629	-1.4908551710650428	-0.8310146846521176	0.9346946799328018	0.25437498619597654	0	0	0	1	1	0	1	0	0	1	0	0.5	0.5	0.16666666666666666	0
NS.2118.002.IDT_i7_78---IDT_i5_78.216	-1.6380316006254885	0.37522016274972636	0.6817347970991285	-0.6912977673323617	-1.8941309590146636	-1.5501002337446377	-1.4769279115290102	0.599457321836278	-1.556406482073709	-2.3133145343908676	2.3427524877568127	-0.789776892717641	0	0	0	1	1	0	0.25	0	0	1	0	0	0	0	1
NS.2118.002.IDT_i7_79---IDT_i5_79.264	0.6108978425713425	1.4891328953566485	-1.9321707917102522	-0.671897124271582	-0.08694598519728344	-1.0601077423145548	-1.1026871223311927	0.41236148560826374	0.7137032483798729	0.4067793504504386	-0.548283369881648	-0.0722183035149981	0	1	1	1	1	0	0	1	0	0	0	0	0	1	0
NS.2118.002.IDT_i7_80---IDT_i5_80.10	0.7101823801207656	-1.4956162934938348	0.7188506972667588	-0.17788683721038367	1.3243460238286688	1.3343603405392777	2.092613401320932	0.7056683054869279	0.0754439782853476	0.14512965109658174	0.10767508398080824	1.3515656379673042	0	1	0	1	1	1	0	0	0	0	0	1	0	0	0
NS.2118.002.IDT_i7_86---IDT_i5_86.218	0.9667329576636104	0.6181181915214311	-0.671843030289015	0.16531469891591966	2.4993047787501994	1.2486283751564815	1.321136190049808	-0.37129114961245624	-0.38680544294330976	0.3034577986798881	-0.03705341117248477	0.5545013264210503	0	1	0.16666666666666666	1	0	1	0	0.6666666666666666	0	0.5	0	0	0	1	0.3333333333333333
NS.2118.002.IDT_i7_89---IDT_i5_89.87	2.249191783467631	0.3842026200582578	-0.506228203646027	-0.8809988183207157	-0.9288826215488142	-1.9485232806955615	-1.9194456305344674	0.7735988512596381	-0.044003122070679496	-0.46992619625251447	0.4867497409880995	0.7887703845816083	1	1	1	1	1	0	0	0	0	1	0	1	0	0.5	0
NS.2118.002.IDT_i7_90---IDT_i5_90.190	1.221060802417358	-0.035074260700152085	0.6262652849483568	0.44106370680336	0.8359992474390737	1.3370645384798217	1.2696560547882478	0.8553440356548889	0.13946195570848358	-1.143694017684812	1.1488244460664008	0.3137077199944647	0.5	1	0.5	1	1	1	0	0	0	1	0	1	0	0	0.5
NS.2118.002.IDT_i7_91---IDT_i5_91.237	0.7453735602621183	-1.0554882575152351	-1.2656258974732923	-1.1205976176972672	0.31720064509133034	-0.5035798524988506	-0.2778172563944037	0.14692349703532476	0.5905685099951592	-0.021178850361524545	-0.26787108497359186	-0.8749513123176091	0.75	1	0	1	1	0	0	0	0	0	0	0	0	1	0
NS.2118.002.IDT_i7_92---IDT_i5_92.263	-2.812099397056464	0.5893641738681688	-0.4335008476012929	-0.24027552902714264	-0.9402392689785315	-0.44154076778676193	-1.3847775908075202	0.16086836787841116	-0.9827804073602542	-0.7628329470784703	0.8457861550939887	0.0699311486119404	0	0	0	0.5	0	0	0	0	0	1	0	0	0.41666666666666663	1	0
NS.2125.002.IDT_i7_1---IDT_i5_1.75	-1.8084296934842568	0.19630246952124658	-0.4542266304288473	0.17297551325788346	-0.41158761689481727	-0.3525595738324707	-0.7176284842485857	-0.8139752456452792	-1.0059369475786597	0.7303730905364909	-0.6244204822138081	0.15130037420611656	0	0	0	1	1	0	0	0	0	0.5	0	0	0	1	0
NS.2125.002.IDT_i7_10---IDT_i5_10.192	-1.4474842421294147	-0.1587811943278129	-0.2680437793968964	-0.8615839816679096	-0.9089770256902041	-0.9326852652520135	-0.9408506826352414	0.25152765556763546	-0.9566382934679346	-0.6334364477938783	0.7936437971248761	0.35333850427072	0	0	0	1	1	0	0	0	1	0	0	0	0.5	1	0
NS.2125.002.IDT_i7_100---IDT_i5_100.63	-0.5000563427374032	-1.079616520238476	-1.1951761211706453	0.7542715135802245	0.793117860315578	0.16598454585565292	0.04610403770359466	0.7388837655792423	-0.006768095317315149	0.6807521890636721	-0.22710291286889844	2.161754515088081	0	1	0	1	1	1	0	0.5833333333333333	0.5	0	0	1	0	0	0
NS.2125.002.IDT_i7_109---IDT_i5_109.266	1.7613836757143972	-0.06361217619534443	1.4690566071823419	-0.39200735269710757	0.5088562781036696	0.7958347643335436	1.8553550518657946	-0.04854135596974091	0.019131434785710263	-0.043024816294958745	-0.15458476399105264	-0.6408481750799515	0	1	1	1	1	1	0	0	0	0.5	0.3333333333333333	0	0	1	0
NS.2125.002.IDT_i7_11---IDT_i5_11.202	0.2790387193510624	-0.9024961798544786	0.7860729046363927	-0.14529394333812856	1.0413030186205725	1.2146719900253884	1.5770383365742966	-0.26774892173467907	0.3448174019888815	0.3578782330801852	-0.5539066827026633	-0.7250584687087536	0	0.625	0	0.875	1	1	0	0.625	0	0.125	0	0	0	0.875	0
NS.2125.002.IDT_i7_110---IDT_i5_110.297	2.2980107754613415	0.6640674409399355	1.1210837437363812	1.1059650765894757	-0.25780238362228874	1.0099435928757259	0.1493249399152977	-0.468522316171722	1.0700647135922672	0.9280295313258491	-1.2350909204230858	-1.1693037308895953	1	1	1	1	1	1	0	1	0	0	0	0	0	1	0
NS.2125.002.IDT_i7_111---IDT_i5_111.280	-1.9560959487493923	-0.6078965102661462	-0.06754402049316117	-1.023576966761497	-0.9536975263408973	-1.0872652989584202	-0.7861005392351028	1.2043565865419565	0.6169673499734469	-0.2801380162332726	0.1726335735148805	1.150436949506684	0	0	0	1	1	0	0	0	0	0	0	1	0	0	0
NS.2125.002.IDT_i7_112---IDT_i5_112.15	-0.08048759437491139	0.10131868538655009	1.4048501055766573	-2.2439249962755956	-1.3615859230319511	-1.6703943753875061	-0.20938422839762205	-0.23442270694004483	-1.106844948440037	-0.7701551693894689	0.8639588419674173	-0.19120005527806921	0	0	0	1	1	0	0.5	0	0	1	0	0	0.5	1	0
NS.2125.002.IDT_i7_12---IDT_i5_12.23	-0.7833004634956349	-0.03021682328676068	-1.1612865019179588	-1.4775567682313786	-0.12907958417650361	-0.8789999550028464	-0.515529179992266	-1.7738923366140615	-2.526200918784027	-0.3090558735508036	0.45751188905267404	-0.8807409336328513	0	0.16666666666666666	0	1	1	0	0	0	0	0	0	0	0	1	0.16666666666666666
NS.2125.002.IDT_i7_121---IDT_i5_121.360	-0.5804882878678514	2.260803756034168	0.09153814083067266	-0.5437660845304945	-1.212579222723508	-1.1776542451563312	-1.3856822461550526	0.2918834092013973	-0.43768698566417263	-1.190594978114857	1.1851134821461806	-0.7957807788799109	0.6666666666666666	0	0	1	1	0	0	0	0	0.6666666666666666	1	0	0	1	1
NS.2125.002.IDT_i7_122---IDT_i5_122.354	2.828358096146423	-2.0593182639175884	1.002317157295392	0.3741015055665622	-0.14128054865782913	0.2456129458783355	0.48013770179319304	1.500935330157199	0.6525997514747788	-0.9185799886167275	0.7678880225388038	1.0468311688787728	1	1	1	1	1	1	0	0	0	0	0	1	0	0	0
NS.2125.002.IDT_i7_123---IDT_i5_123.215	-2.4770255762622635	-0.018309728143332676	-0.7630673858709702	-0.18336825486486225	-0.6766321106353818	-0.36767923052952706	-1.3876976235378553	0.4000269266800299	-0.4875056552590026	-0.7087982634366523	0.7436052773453057	0.18526654732994247	0	0	0	1	0	0	0	0	0	1	0	0	0	1	0
NS.2125.002.IDT_i7_124---IDT_i5_124.116	1.0099891921484778	-1.4929931048223595	-0.4629005021641639	1.0477775604390813	0.3402801667922499	0.7712478703669505	-0.06506551526505477	1.5130941462871492	1.1630078915407491	0.26564592239157087	-0.26602138737516773	1.9429099477791867	0.16666666666666666	1	1	1	1	1	0	0.16666666666666666	0	0	0	1	0	0	0
NS.2125.002.IDT_i7_13---IDT_i5_13.149	0.594773990509424	0.7352926772461418	-0.5581749363164147	0.3831073141935273	1.4896660039786438	0.5170941474183193	0.993896929979678	-1.8233912866354005	-1.7241334971230893	0.3367643051626416	0.24561764662690416	0.3375185399964038	0	1	0	1	1	1	0	0	0	1	0	0	0.25	0.75	0.75
NS.2125.002.IDT_i7_133---IDT_i5_133.30	2.0713750118242826	0.34997204037074536	0.33812611609657495	0.12225827527466607	1.073080146849298	1.0288326942595105	1.1826902797383134	0.34879168084392864	-0.07498667639994677	0.17529548347118412	-0.11059986120107745	0.5498837927914264	0	1	1	1	1	1	0.5	0	0	0.5	0	0.5	0.75	0.75	0
NS.2125.002.IDT_i7_134---IDT_i5_134.348	-0.816794013185842	0.05281290107938219	1.1561341380106218	-1.0329908190050743	-1.5539336670285429	-0.8634743474468991	-0.45859282317635036	0.2802997722986902	-0.5799558039682811	-1.0103972975774078	1.082078833871391	-0.16155541008960345	0	0	0	1	1	0	1	0	0	1	0	0	0	0.75	0.75
NS.2125.002.IDT_i7_14---IDT_i5_14.127	-2.2598385744515026	1.0930731256749047	-0.8250879328207574	-0.2955588667384538	-0.8979859540172346	-0.7105524112233459	-1.920840378838243	-1.345611289149392	-2.4839554100242385	-1.357539809317024	1.5536992848046878	-1.6373525655323005	0	0	0	1	0.3333333333333333	0	0	0	0	1	0.8333333333333333	0	0.5	1	1
NS.2125.002.IDT_i7_145---IDT_i5_145.85	1.723441326553599	0.701016994142109	-0.07123332502416875	0.6700369432518996	1.0021679511406765	1.3420762355138165	0.7273521274262535	0.4823757775020833	-0.1406535981694999	0.17108281011176737	-0.08191442544677352	0.8201380911643472	0	1	1	1	1	1	0	1	0	0	0	1	0.25	1	0
NS.2125.002.IDT_i7_146---IDT_i5_146.226	1.0305283728659989	-2.0329039495320735	0.4806702760240895	-0.2696002428322357	1.8250749511533857	1.0758691760085246	2.1620131991587597	1.0356608636297273	0.18448571815162262	-0.8253606879106217	0.7453002948087764	0.7795022019618659	0	1	0	1	1	1	0	0	0	0	0	1	0	0	0
NS.2125.002.IDT_i7_147---IDT_i5_147.342	0.5648501771339558	-0.4126528632414872	0.5622134754254744	-0.26463956380882625	1.1371814942148544	0.5761202431780226	1.6349731766234452	-0.04386554578032148	0.25942853039914093	-0.08447756333474052	0.02633668700741583	-0.5637979914945388	0	0.5	0	1	1	1	0	0	0	0.5	0	0	0.5	1	0
NS.2125.002.IDT_i7_15---IDT_i5_15.134	0.7217050576953328	-1.0780778320668682	0.6582859268621809	0.15691924475371707	0.3742088161158467	0.6542832338536275	0.6198307138947627	-1.2133227331932561	-0.7215732093925612	-0.08820305164311534	0.23819166102578312	-0.5795402602396926	1	0.5	0	1	1	1	0	0	0	0	0	0	0.5	1	0
NS.2125.002.IDT_i7_157---IDT_i5_157.291	-1.0065778480687242	0.9015443288865193	-0.2708477108347581	-1.4497220638198314	-0.44982500786159474	-0.5485395254446992	-0.3080701182907549	0.4974664788451167	1.0400970640308287	0.5799607744559552	-0.7832175100028196	0.06619128585025029	0	0	0	1	1	0	0	1	0	0	0	0	0	1	0
NS.2125.002.IDT_i7_158---IDT_i5_158.299	-1.0860836736039245	0.6527366727680154	-1.0099485032909268	0.9995299955529298	0.5671967852666104	0.46817158275538323	-0.020622057649745243	-0.9117333304546122	-1.0724603531182753	1.503191029697855	-1.3312881180473675	0.5853604392251087	0	0	0	1	1	1	0	0	1	0	0	0	0	1	0.25
NS.2125.002.IDT_i7_159---IDT_i5_159.53	0.15045147887282379	-0.37412376044561674	-1.016652520416005	0.2616721310532769	1.6963812678148724	0.38073726946492736	0.7759464289051949	1.1706383789203674	0.3541847496748364	-0.25871994153340644	0.2359401491597562	1.4416064344993196	0	1	0	1	0.5	1	0	0	0	0	0	1	0	0	0.5
NS.2125.002.IDT_i7_169---IDT_i5_169.351	-1.2550092247983664	-0.3637003183269839	0.324470539689266	-0.536204091098065	-1.298386372004757	-0.7690962571118378	-1.1464675840238474	0.6909981157776979	-0.46922670989746745	-1.8630684007461702	1.8115043743271295	-0.5696728340350232	0	0	0	1	1	0	0.25	0	0	1	0	0	0	0	1
NS.2125.002.IDT_i7_170---IDT_i5_170.339	-2.585359438303568	1.764139482370579	-0.34555954409220635	-0.4646792698470932	-0.9687889628967536	-0.6126823002023858	-1.1613182333921468	0.18968490881555783	0.7452766779349731	0.40557283468557764	-0.6561393751806592	-0.6478393171533421	0	0	0	1	0.25	0	0	1	0	0	0	0	0	1	0
NS.2125.002.IDT_i7_171---IDT_i5_171.161	1.5133905180754441	-0.1830382705735179	0.32154647095981737	0.010001975014369106	0.8648214082653247	0.7441743929308708	0.973012020941356	-0.0010096280568284016	-0.43155083218414014	-0.2823134734509737	0.443897715216781	0.23420344314449287	0.7	1	0	1	1	1	0	0	0	1	0	0	0	1	0.4666666666666667
NS.2125.002.IDT_i7_181---IDT_i5_181.1	1.4306268962774236	1.0045422671718764	-0.3796535255223973	0.26639419856177265	1.521565423527906	0.6424726380199632	0.9366061636892201	0.11433613835414924	0.023450809975733834	0.4062020295419805	-0.3588139509360446	0.36891402946055013	0	1	0.425	1	1	1	0	0.65	0	0.5	0	0	0	1	0.1
NS.2125.002.IDT_i7_182---IDT_i5_182.230	0.7967985176173126	-0.34466852532256265	0.5355827823217609	0.4472960241181652	1.2349565753154579	2.1803484912516744	1.6706425393733224	1.068067795571352	1.0715868437119735	-0.4240860298113821	0.18490230614374176	0.35601144487674846	0	1	0	1	1	1	0	1	0	0	0	1	0	0	0
NS.2125.002.IDT_i7_22---IDT_i5_22.258	0.23894930945673923	0.17172792497840406	1.7509467615178713	0.26553982797771425	0.4377973571577113	2.054434147868408	1.7906519878891358	1.8897654471808287	2.0341420769703733	-0.13023722019584216	-0.4456772799466617	0.6815245525775986	0	0	0	1	1	1	0	0.8333333333333333	0	0	0	1	0	0	0
NS.2125.002.IDT_i7_23---IDT_i5_23.256	-1.9015458584652736	1.0670092770578086	1.1299812404501803	-0.7089780289454847	-1.9010879038675952	-0.9968284369925753	-0.7468250038682465	-0.0459476761353082	-1.8078614458436664	-1.2585305257436659	1.3311055530969387	-0.7684250702771042	0	0	0	1	1	0	1	0	0	1	0	0	0	1	1
NS.2125.002.IDT_i7_24---IDT_i5_24.322	0.3328964393449907	0.1473479441478971	1.308770448447754	-0.3170506031457799	1.1694057671882883	1.2580047672220933	2.61569860746961	0.21177970425284906	0.5060855827570188	0.033801071068826266	-0.23613646139101857	-0.7694194390152117	0	0.25	0	1	1	1	0	0	0	0	0	0	0	1	0.5
NS.2125.002.IDT_i7_26---IDT_i5_26.126	1.7253311831620088	-0.2655071032067704	0.42194164528745404	0.4623546053906966	0.061902097755166016	0.23137947735276138	0.35781361377364185	1.4713326295056237	1.0502068528647899	0.3027088233974847	-0.33819427904946886	1.8670999653925295	1	1	0.16666666666666666	1	1	1	0	0	0	0	0	1	0	0	0
NS.2125.002.IDT_i7_27---IDT_i5_27.104	-0.4584011746706117	0.7766057306039811	-1.2315019084394025	0.6684686881353554	0.4627353687201259	-0.06083603816741795	-0.23825458531280114	-0.6079219537733129	-0.18377927582017212	1.0406361087784282	-0.7675099785058266	0.7028826827683348	0	0.25	0	1	1	1	0	1	0	0	0	0	0.5	1	0.25
NS.2125.002.IDT_i7_3---IDT_i5_3.246	3.370236995145438	0.249451067105846	1.5252881590553746	0.09226374732160443	-0.014831648510364281	0.361771028273471	0.935180161889744	0.5399597670142764	0.9694846522373902	1.2712206409072806	-1.4218402503089975	0.9864596556799283	1	1	1	1	1	1	0	0.6666666666666666	0	0	0	1	0	1	0
NS.2125.002.IDT_i7_34---IDT_i5_34.310	1.3145173245061217	1.8230120213642624	0.6667807324093372	0.728711311543445	0.533042518231657	1.6314714625198006	0.9515409474847212	1.0622028733750264	0.19701191462778012	-1.0716423457914674	1.008171155184551	0.4229104745144635	0	0.8333333333333333	1	1	1	1	0	0	0	0.5	0	1	0	0.5	1
NS.2125.002.IDT_i7_35---IDT_i5_35.203	1.7029004111031807	0.002062441168013962	0.12915031324079024	0.16164757841968191	1.319425822046067	1.1138258829325558	1.3169299599097397	-0.03917833369887314	-0.5363549525666498	-0.018831465529931334	0.30831443266879976	0.7081017358620934	0	1	1	1	1	1	0	1	0	0	0	0	0	1	0.6666666666666666
NS.2125.002.IDT_i7_36---IDT_i5_36.281	1.5279234421151218	-0.5445850068155984	0.4263775422084157	1.820354107268232	-0.141198046722118	1.4020644157814832	-0.17745276036579866	0.04580131126467693	-0.28883842214979594	-0.5470216251924274	0.6195111449967381	-0.057824214652051065	1	1	1	1	1	1	0	0	0	1	0	0	0	1	0
NS.2125.002.IDT_i7_38---IDT_i5_38.328	1.2224596122298172	-0.5760583443382455	-0.3165981654275211	-0.8645144773730181	-0.2617488050864248	-0.5015562904537246	-0.4621160133611679	0.5966997659702253	0.5189053143267185	-0.4778155062346132	0.25046963026878727	-0.5683797794101009	1	1	1	1	1	0	0	0.5	0.16666666666666666	0	0	0	0	1	0
NS.2125.002.IDT_i7_39---IDT_i5_39.357	1.2684859003942877	0.3510742619198159	-1.125070949979218	-2.3647493588933344	0.1152697672932283	-1.7104283064126442	-0.32767242071472497	-0.7305630431912481	-1.2701026383725782	0.08132831930731857	0.022972091732247846	-0.2444393060715429	0	1	1	1	1	0	0	0	0	1	0	0	0	1	0
NS.2125.002.IDT_i7_4---IDT_i5_4.92	-2.3483234317515276	-0.09230294843229125	-0.2791359881357415	-0.5210090075674094	-1.2439561736092317	-1.2405778031199972	-1.6583173172976862	0.3256257292704896	-1.5762523247263251	-2.38510563332238	2.467749682547336	-1.030389149323955	0	0	0	1	1	0	0	0	0	1	0	0	0	0	1
NS.2125.002.IDT_i7_46---IDT_i5_46.337	1.552240139226582	0.21228968138471002	0.5573523104720692	-0.24085991505662957	2.5498523514236346	1.7731431283439527	2.3392369156089945	-0.3669822695683137	0.6564655156436321	0.35914161084002033	-0.45556309865951267	-0.8115368370667024	0	1	0.75	1	1	1	0	1	0	0.5	0	0	0.5	1	0
NS.2125.002.IDT_i7_47---IDT_i5_47.195	-0.47228685262413417	0.6127411760209683	-1.8169130498988144	-0.8633072316895023	0.04208051723573783	-0.9557747129876959	-0.7171992461062872	-1.7930424852067524	-0.45271810446641314	1.7043767802814587	-1.1048529315950626	1.029231729999118	0	1	0	1	1	0	0	1	0	0	0	0	0	1	0
NS.2125.002.IDT_i7_48---IDT_i5_48.318	2.5937510371803594	-0.11121077809817899	1.0617558240654288	0.701300389657993	-0.26856834836617877	0.4963549298185831	0.24428776713929629	0.3023846154070322	0.5990880447946572	0.7358119003478473	-0.8042785111854573	0.3509776459300155	1	1	1	1	1	1	0	1	0	0	0	0	0	1	0
NS.2125.002.IDT_i7_49---IDT_i5_49.345	0.33887246113568104	1.193404176395628	1.0313598424420074	0.022427061457834074	0.7173561335442737	1.4881887140337946	1.5494953795791773	-0.16254478833818495	1.3163475356404764	1.1705338588975556	-1.4803469009800563	-0.5592119677360502	0	0	0	1	1	1	0	1	0	0	0	0	0.5	1	0
NS.2125.002.IDT_i7_50---IDT_i5_50.131	-0.6409959979435154	-0.17865198680746877	1.064865100993074	0.3658862713145637	-0.17306913354707926	0.47912939817639855	0.6890980085813767	0.03503920676438394	-0.35217464039905033	-0.04678932366911932	0.20819244340425747	0.34415355297967554	0	0	0	1	1	1	0	0	1	0	0	0	0	1	0
NS.2125.002.IDT_i7_51---IDT_i5_51.243	-0.941926439457216	0.9649170375042924	-0.2445997755829581	-0.8297303022822988	-0.626302223835221	-0.49180117960671904	-0.6224381836032302	-0.014094146102839461	0.06613422267648177	0.5666419217781025	-0.6228505092784242	-0.14409577935522344	0	0	0.16666666666666666	1	1	0	0	0.8333333333333333	0	0	0	0	0.16666666666666666	1	0
NS.2125.002.IDT_i7_57---IDT_i5_57.189	2.110808969674911	-0.11750370755826384	0.46439843256722907	0.5922229448171992	0.44451342077009504	0.7148031671274357	0.5266337042398536	1.20715007267222	1.2443386669102756	-0.578296788617842	0.24173857622064	0.033988214658172033	1	1	1	1	1	1	0	0.5	0	0	0	0.5	0	0	0.5
NS.2125.002.IDT_i7_58---IDT_i5_58.261	-0.12963997087262918	-0.2901425354826732	0.4935726238282119	1.3712320170133272	0.2349174118447694	1.9134247750664584	0.6227571762126735	0.90203784858841	0.3244450852660095	0.9168248912014769	-0.7263514813251274	2.006541741665016	0	0.16666666666666666	0	1	1	1	0	1	0	0	0	1	0.3333333333333333	0	0
NS.2125.002.IDT_i7_59---IDT_i5_59.196	-2.263734589328152	0.9931363922662582	-0.16330630907613208	-0.43550001309806596	-1.0331063418997688	-0.5498701651552261	-1.284287575624133	0.459227910835465	-0.5669264574829012	-1.1275480881152926	1.1632497518299156	-0.1471416414449369	0	0	0	1	0.25	0	0	0	0	0.5	0	0	0	1	1
NS.2125.002.IDT_i7_60---IDT_i5_60.295	-1.8012821608248228	1.2925403539566913	-0.899973995171087	-0.2551489691994331	-0.5914829141926417	-0.3839606396490728	-1.320934680730848	-1.1782399258633602	-1.3268380300720906	0.039964238249934406	0.16155967302480764	-0.23936723886084238	0	0	0	1	0	0	0	0	0	1	0	0	0.8333333333333333	1	0
NS.2125.002.IDT_i7_61---IDT_i5_61.14	0.44830695572838364	0.1264718500683377	0.6865227674889858	-0.07014180739058212	1.0241327666358269	1.0874777266391753	1.6714198171458987	-0.4828742034750412	-0.7099038636017279	-0.7499117481696315	0.8851562130389421	-0.5879007118355122	0	0.5	0	1	1	1	0	0	0	1	0	0	1	1	0.25
NS.2125.002.IDT_i7_62---IDT_i5_62.57	0.714164362979681	-0.4995241938169089	2.2885209628700176	0.22904476255226563	-0.19536368610821606	1.2552228889115618	1.3320170093208126	1.5940066721381663	0.6953398796765131	-0.9428613061899356	0.808956833520308	1.001650271825932	0	0	0	1	1	1	0	0	0	1	0	1	0	0	0
NS.2125.002.IDT_i7_63---IDT_i5_63.309	0.8276207844298572	0.45543405142424087	2.644546796451011	0.6332623250456233	-0.5685850154385083	0.8387362835934815	0.8169304377040332	-2.761372146072958	-2.1741772459737474	0.05446134417832513	0.2826696791357135	-1.023882339713577	1	0	0	1	1	1	0	0	0	0	0	0	1	1	0
NS.2125.002.IDT_i7_69---IDT_i5_69.44	-1.6356598182280309	-0.17602285660928474	-0.821954446880385	-0.6812167435443783	-0.6680421943766903	-0.8373204421483005	-1.0845773667822074	0.8360442320643988	0.7576686440544922	-0.40603489554565286	0.1955704836369085	0.22561251444017508	0	0	0	1	1	0	0	0	0	0	0	0.5	0	1	0
NS.2125.002.IDT_i7_70---IDT_i5_70.163	-3.1767072827039726	-2.493765415116755	-0.01644726692432343	-0.0905349673616329	-0.8262901435828178	-0.33011797176283747	-0.6664756738807132	0.22317133358802987	-0.34398326982035365	-0.7574362730609878	0.8211790994096615	0.013234783620343762	0	0	0	0	0	0	0	0	0	1	0	0	0	0.5	0
NS.2125.002.IDT_i7_71---IDT_i5_71.315	-0.5830959575439433	1.573660503861148	0.277269781711474	-1.323193890974626	-0.94045675447719	-1.2762310869936806	-0.6236259467404641	0.6498739693850355	1.159800126032821	-0.8666218101384938	0.5851991757433714	-1.5105979731209613	0	0	0.3333333333333333	1	1	0	1	1	0	0	0	0	0	0.6666666666666666	1
NS.2125.002.IDT_i7_72---IDT_i5_72.56	-0.911307644643252	0.4508761652277666	0.5149652909615513	0.2607326383447131	-0.11431614908254496	0.013694418821927484	0.4481877791865696	-0.007436274221776264	-0.15756795332239865	-0.11055298184476099	0.2864860819485138	0.13875417464854514	0	0.3333333333333333	0	1	0.5	0.5	0	0.16666666666666666	0	0	0	0	1	1	0
NS.2125.002.IDT_i7_73---IDT_i5_73.326	0.9904462404152751	-0.36047559934313383	-0.5243453700188615	0.8855360725452468	0.8070632237444171	0.7196803439866443	0.401606563057058	-1.1059901596440858	-0.9655218625664059	1.2059492932439948	-0.821948883634598	0.9411593567721468	0	1	1	1	1	1	0	0.75	0	0	0	0	0.5	1	0
NS.2125.002.IDT_i7_74---IDT_i5_74.62	0.4250711226193038	-0.18050577888188735	-0.29458345359011995	0.7461709894065804	0.30700177717959254	0.3167063279987119	0.14356510826435212	1.0078952765225595	-0.08004388151735076	-0.13614543814306448	0.265920476842617	1.3074436582865707	0.25	0.375	0	1	1	1	0	0	0	0.5	0	0.5	0	0	0.5
NS.2125.002.IDT_i7_75---IDT_i5_75.359	-0.2680445354257235	1.753852040237037	0.2587067969444715	-0.23707379180137966	-1.4116992828602215	-0.6637824916294112	-2.0485636693173093	0.2697635027867089	-0.8522970715146936	-1.7650242181903315	1.8760525600927624	-0.8081356540052937	1	0	0	1	1	0	0	0	0	1	0	0	0.8333333333333333	1	1
NS.2125.002.IDT_i7_81---IDT_i5_81.173	2.6405590497346973	0.06788504128566517	0.9202194524316896	-0.014305988847461218	-0.001526982401421323	-0.0831374002525171	0.5758584344414686	-0.05828744201989109	-0.18501949995145137	-0.39825280623491377	0.4103996438849242	-0.14691586120044564	1	1	1	1	1	1	0	0	0	1	0	1	0	1	0.5
NS.2125.002.IDT_i7_82---IDT_i5_82.77	1.0724888986258336	0.5871667114049296	0.05498907941752869	0.2776546439550496	1.3752958362302068	1.415011776019338	1.2031559700974728	-0.44770784880785264	-0.46158834130233906	0.09070405566661557	0.18579399809638558	0.3692484088608297	0	1	0.6666666666666666	1	1	1	0	0	0	1	0	0	0.5	1	0
NS.2125.002.IDT_i7_83---IDT_i5_83.347	-1.3335384439004847	0.2231724817815265	-0.32491469033790027	-0.8471081358081255	-0.7158194142024406	-0.6930016287953161	-0.9104627793881872	0.43303192165676563	0.8116853504101411	0.3697324197251253	-0.6231073191846412	-0.17995497459781884	0	0	0.25	1	1	0	0	1	0	0	0	0	0	1	0
NS.2125.002.IDT_i7_84---IDT_i5_84.294	2.4574371748711856	0.9805790916194186	1.47874513720466	0.7289035749476296	-0.4751646002083294	0.6301559198429907	0.3181939772325212	1.2382731396127327	1.3271686701873051	1.4099965934303678	-1.4698560248442725	2.2104826443801784	1	0.8333333333333333	1	1	1	1	0	1	0	0.5	0	1	0	0	0
NS.2125.002.IDT_i7_85---IDT_i5_85.52	-0.3070479886836651	-0.46192695169377485	-0.6392411122524142	0.9803856503882391	0.06478227470412418	-0.11934678228707245	-0.4118789042938172	-0.2358964340759136	0.2711115041268158	0.6178296934320294	-0.8109537442533906	-0.40001528282481824	1	1	0	1	0.75	1	0	0	0	0	0	0	0	1	0
NS.2125.002.IDT_i7_86---IDT_i5_86.349	3.0053213991039645	-0.5437220901264566	0.5404318584176426	0.2623480281083275	-0.060294281310787415	-0.06875537845813896	0.2221715745480119	0.6963533244757757	-0.4942349377783897	-1.203102942607062	1.2345791760796643	0.21232192603588274	1	1	1	1	1	1	0	0	0	0.5	0	0.5	0	0	1
NS.2125.002.IDT_i7_87---IDT_i5_87.98	1.6166551317275994	0.6576020110423355	1.0832984075590182	0.6404228354812811	0.27629661883436607	1.3305538425511618	0.7384459766174845	-0.16384927855740816	-0.6993399471640028	-0.42930029146066406	0.5164468896515212	0.007777456996551281	1	1	1	1	1	1	0	0	0	1	0.1	0	0	1	0.2
NS.2125.002.IDT_i7_93---IDT_i5_93.171	-0.8363911212104377	1.2815443491199043	-1.9898389718374554	-0.31066677998682013	-0.2042350625843499	-0.5169217102326528	-1.6133666201173913	-1.647437334980428	-1.3944011448501819	1.8420579855666632	-1.5139724923286306	1.1629240330838972	0	1	0	1	1	0	0	1	0	0	0	0	0	1	0
NS.2125.002.IDT_i7_94---IDT_i5_94.271	-2.3069121639490464	-0.6159866921407827	-1.531497281570191	-0.09465114407096761	-0.3771468175901865	-0.37858233196600605	-1.4112943148964612	-0.09642504072326899	-0.39920376853147904	-0.015044257736904227	0.04189784425905555	-0.013986813562146816	0	0	0.375	1	0	0	0	0	0	0.5	0	0	0	1	0.16666666666666666
NS.2125.002.IDT_i7_95---IDT_i5_95.108	0.12264262043225127	-0.5833081531369246	0.8734838603118269	-0.25605221210611084	-1.7627694387462103	-0.5237647301832784	-1.9329137995654533	0.5005728142934729	-0.8122005987339139	-1.1954187674068302	1.2503993188931783	-0.06878583272795917	1	0	0	1	1	0	0	0	0	1	0	0	0	0.5	1
NS.2125.002.IDT_i7_96---IDT_i5_96.49	0.8735463931352698	-0.3794812943726378	-0.014992553149741135	1.1191036045350407	-0.08882870725392654	0.04098882935855519	-0.2791751637513273	-0.26631549248686925	-0.285173968244135	0.8556800790162447	-0.642434607016679	0.7050451468841155	1	1	0	1	1	1	0	0.16666666666666666	0	0.5	0	0	0	1	0
NS.2125.002.IDT_i7_97---IDT_i5_97.286	2.5283976051656154	1.3834932514618261	0.6256892086266134	0.7837984830104754	0.01938470603999771	0.7454496182457954	0.26226137265171123	0.6943279972946149	0.11599642829443883	-0.3999205334013343	0.5365973942282971	0.8611771990284571	1	1	1	1	1	1	0	1	0	0	0	1	1	0	0.5
NS.2125.002.IDT_i7_98---IDT_i5_98.69	0.39930169530020954	0.9290135777221906	0.772131385905287	-0.1607664535576493	0.2678417763046871	0.2010581263970121	1.2309158514323162	0.541309676135776	0.0020435794665840668	0.9863167427814805	-0.8203282188347261	1.3846864687841	0	0.25	0	1	0.5	1	0	0	0	0	0	1	1	1	0
NS.2125.002.IDT_i7_99---IDT_i5_99.221	0.648266213362516	0.6405393350795369	-0.8324203927738041	-0.3579338571547237	-0.5558473193665185	-0.5229821065347564	-1.217865623983226	-0.05718077889088493	-0.47890325367467235	0.3130221378361385	-0.02857830288799154	0.927073122100649	1	1	0.5416666666666666	1	1	0	0	0.125	0	0	0	0	0	1	0.29166666666666663
NS.2145.001.IDT_i7_100---IDT_i5_100.304	-2.4057426982000645	-0.01634571092284348	0.47661975392316636	-0.4817108007350346	-1.031093943346892	-0.39633361743945394	-0.5143136167731028	1.3158743640788622	1.6318700420796184	-0.6639699746986357	0.19593371120210137	-0.23869249717832144	0	0	0	1	1	0	0	1	0	0	0	0.5	0	0	0.5
NS.2145.001.IDT_i7_101---IDT_i5_101.89	-1.910915627529746	1.147984330687407	0.06729151713387747	-0.6434566978566494	-1.2899635682219421	-1.2528045713680536	-1.18285543329461	0.5788800336978411	0.21712032024089478	-0.8322149790018178	0.8244983351144491	0.08839759636562082	0	0	0	1	1	0	0	1	0	0	0	0.5	0	0	1
NS.2145.001.IDT_i7_102---IDT_i5_102.284	-1.7902719382774537	-1.0092170420582318	-0.2796218269245653	-0.5169370827674169	-0.8878092783440625	-0.6439484158299258	-1.0352068296565933	-0.2186078822937924	-1.1458416680814216	-0.7049927898127957	0.8435175520259058	-0.10460904285753239	0	0	0	1	1	0	0	0	0	1	0	0	0	1	0.25
NS.2145.001.IDT_i7_106---IDT_i5_106.165	1.0768058964009413	-0.1329023664117217	0.8409378837494419	1.128465687577112	0.30063235237808356	1.48456716635603	0.5232506669187091	-0.26040065026918746	-0.5082838978586526	-0.19199694697701047	0.27887566803780384	0.05819169212044367	1	1	0.875	1	0.5	1	0	0	0	1	0	0	0	1	0
NS.2145.001.IDT_i7_109---IDT_i5_109.55	-0.17381162865725172	-0.21837744353739924	-0.6998904576429618	1.247899672587942	0.598237000667955	0.764881896654366	0.28200610607083043	0.24347948283053888	0.13481093230765373	0.9830168389734761	-0.5890361073900113	1.6991860311928333	0	1	0	1	0.5	1	0	1	0	0	0	0.8333333333333333	0.5	0.25	0.25
NS.2145.001.IDT_i7_110---IDT_i5_110.206	0.04831716326947845	-0.5959944169053921	-0.45046600566624095	0.07444085169586764	0.6935537246472138	0.015946313708777405	0.5714576681847069	0.9778298172226318	0.4882321467859366	0.3398665316860532	-0.2196000927700853	1.5193272750406108	0	0.25	0	1	1	1	0	1	0	0	0	1	0	0	0
NS.2145.001.IDT_i7_111---IDT_i5_111.51	-1.8254019368155703	0.08946487990987836	-0.9810519344053602	0.6313038738539626	0.19712888240613444	-0.043480606691806145	-0.5421082507358703	0.26647870529663464	0.4846317994789041	2.0371110556038516	-2.0270591296317417	1.622245744568688	0	0.16666666666666666	0	1	0.5	0	0	1	0	0	0	0	0	1	0
NS.2145.001.IDT_i7_112---IDT_i5_112.35	-0.7215671528877508	0.6408655718607987	0.7951320563457528	-0.9466973862239183	-1.452594998981132	-1.2083108934124311	-0.9728634605588207	0.5012730182374003	-0.7325237053161775	-1.5021114463614669	1.569877070511703	-0.36469076583859705	0	0	0	1	1	0	1	0	0	1	0	0	0.5	0.3333333333333333	1
NS.2145.001.IDT_i7_113---IDT_i5_113.65	0.9430587202449959	0.3416188185969589	0.1403333132225209	0.5250379634541049	-0.019718603000421716	0.032015765828537004	0.08232022025317294	-1.0484460378518752	-1.7652986230064656	-0.03862870271620708	0.29449955312002685	-0.013003566146163218	0.5	0.5	0.8333333333333333	1	1	1	0	0	0	0	0	0	0	1	0
NS.2145.001.IDT_i7_114---IDT_i5_114.250	1.448039814707875	0.2604759468966901	0.3808878775077068	-0.49432098162687377	2.086966729698696	0.7769049742952749	2.06236674367911	0.05588619616325069	0.2971146241718979	-0.025838744737206626	-0.10583897286726147	-0.5142811873977019	0	1	0.25	1	1	1	0	1	0	0	0	0	0	1	0
NS.2145.001.IDT_i7_121---IDT_i5_121.24	-1.1232896139440438	-0.850935125433222	0.2897544016017578	-1.310096343797015	-0.8839834815313485	-0.9921872171842172	-0.5454815022585497	0.09429483881586982	-0.8457238538524425	-0.6158265518633034	0.674320751223324	0.013412018285080417	0	0	0	1	1	0	0	0	0	1	0	0	0	1	0
NS.2145.001.IDT_i7_122---IDT_i5_122.4	-1.336222812976419	0.33482475314810944	-1.280810102860885	-1.0018187675066943	-0.5687104211107512	-1.487336516326967	-1.2721833796447422	0.6868218553106071	0.1349449196956331	0.6714982730698249	-0.3565981675248885	1.6117561357718002	0	0	0	1	1	0	0	0.25	0	1	0	1	0	0.5	0
NS.2145.001.IDT_i7_123---IDT_i5_123.275	-1.9126471370553597	-0.33219891395678847	0.08524801850289714	-0.5094163863376528	-1.455938119881103	-1.1014001902764958	-1.515932940824288	0.3574790517909981	-0.4400899488217816	-1.7409607862836665	1.8090265306780715	-0.811157381400774	0	0	0	1	1	0	0	0	0	0.5	0	0	1	0	1
NS.2145.001.IDT_i7_124---IDT_i5_124.276	-1.5443317492592485	-0.05076486506604143	-0.2715450755547725	-0.6933900446340138	-0.7912339023215587	-0.6710889457650053	-0.972952950295427	-0.5432235156500042	-0.48329645207720784	-0.06413148452449607	0.18321767533483474	-0.05497943330306871	0	0	0	1	1	0	0	0	0	1	0	0	0	1	0
NS.2145.001.IDT_i7_125---IDT_i5_125.135	-0.5543621049660045	-0.04149820371136895	1.3146674763685628	-1.3143958603794688	-1.443949986435624	-1.0036611448997532	-0.3424679808755531	-0.17912258963766098	-1.1437591687039235	-1.461867065960988	1.5743025448083867	-0.9753559455051526	0	0	0	1	1	0	1	0	0	1	0	0	0.5	0.5	1
NS.2145.001.IDT_i7_126---IDT_i5_126.233	1.3890637722343837	0.6673343238025522	0.84895155695517	-0.7039849541175565	2.6017503607705326	1.1738324060217127	2.8292281222320845	0.07727139750095934	-0.5214048702788993	-0.3421852961916026	0.48064255873945744	0.2765399186834103	0	1	0	1	1	1	0	0	0	0.3333333333333333	0.16666666666666666	0	0	1	0.6666666666666666
NS.2145.001.IDT_i7_133---IDT_i5_133.178	1.0515062602185459	-1.9359237420291917	1.104995614950154	-0.33036765854740413	1.2907462690996274	0.7157898151822741	2.2081863407329654	0.9224251322730453	0.17223988886526162	-0.8449190284304083	0.7825912537359294	0.6205135316390511	0	0.5	0	1	1	1	0	0	0	0.5	0	1	0	0	0
NS.2145.001.IDT_i7_134---IDT_i5_134.235	-0.6437612209726999	0.45042377586028326	-1.144196790832631	-1.3502389812614286	0.0065302821257280375	-0.5977796069852372	-0.44388967313080513	-0.2819169716469281	0.4635473346721244	0.36058613569525083	-0.7105861237142113	-1.0264401908968477	0	1	0	1	1	0	0	0	0	0	0	0	0	1	0
NS.2145.001.IDT_i7_135---IDT_i5_135.262	-0.2890955576683867	1.341781248118433	-0.312950765647856	1.0635719067291454	0.3567817219930183	1.070826451606538	0.2160467305399558	0.7983224664792299	0.097198660063543	0.5341718056521102	-0.24220473394606762	2.040690590180325	0	0.6666666666666666	0	1	1	1	0	1	0	0	0	1	0	0	0
NS.2145.001.IDT_i7_136---IDT_i5_136.91	-0.026772905803997826	-1.2902918172441091	-0.42347831467588215	1.884262988856213	-0.3338459822407585	0.41422716446629126	-0.8865901030104004	-0.2046574619564538	-1.0809638902388778	-0.7951041024286705	0.9483538365057426	-0.16992649686255049	1	1	0	1	0.75	1	0	0	0	1	0	0	0	1	0
NS.2145.001.IDT_i7_137---IDT_i5_137.139	-0.40784634737952075	-0.8030340484827285	-0.13452614989591316	1.179551518834704	0.5662743999806379	1.4809809310270516	0.5235589007423694	-1.3496767242712784	-0.8617606184997939	-0.46695305389038255	0.7261160540100671	-0.6653650621328739	0	0.75	0	1	1	1	0	0	0	1	0	0	0	1	0
NS.2145.001.IDT_i7_138---IDT_i5_138.327	-0.685690368466062	1.3963090094953503	-1.445852092752365	-0.4308839797399607	-0.11996847585626377	-0.4774509984348838	-0.809362334383825	-0.01421007491651749	-0.31621751011200966	0.19702801129155767	0.11973875846613027	0.7486492196492196	0	1	0	1	1	0	0	1	0	0	0	0	1	1	0.5
NS.2145.001.IDT_i7_145---IDT_i5_145.219	-1.6676284656534033	0.4016357346616904	-0.32267684937997454	-0.518457278326742	-0.7657846816089153	-0.4936280823681166	-0.9720324129340037	-1.0468977720628079	-0.3433798351789636	0.29547613491172514	-0.30122692866599304	-0.6289158450427018	0	0	0	1	1	0	0	0	0	1	0	0	0	1	0
NS.2145.001.IDT_i7_146---IDT_i5_146.320	-2.294883446542427	0.8253879030118105	-0.554080822580009	-0.3166726303864952	-0.8519757201278866	-0.536549232924451	-1.545360894324082	0.017784865107906417	0.08951410001159196	0.752348597983081	-0.8631024040580575	0.06378608104888314	0	0	0	1	0.5	0	0	0.6666666666666666	0	0	0	0	0	1	0.16666666666666666
NS.2145.001.IDT_i7_147---IDT_i5_147.152	-2.2298344564342933	-0.09299856740414446	-0.8843107996915328	-0.3515649808128233	-0.7035007853782895	-0.4897395358652965	-1.4771025474977297	0.5676160748165291	0.24725560190224233	-0.44236249946000616	0.2995066332446552	-0.2665912352180818	0	0	0	1	0	0	0	0	0	1	0	0	0	1	0
NS.2145.001.IDT_i7_148---IDT_i5_148.316	-0.5900556788580251	0.22477366956891243	0.6002500833673416	-0.5896250504213908	-1.1999982127623396	-0.58636372492053	-1.0461032956314247	0.4068799811921364	-0.217514125595874	-0.7637911057452	0.7351775099865396	0.01491191273600765	1	0	0	1	1	0	0	0	0	0.5	0	0.3333333333333333	0	0.8333333333333333	0.5
NS.2145.001.IDT_i7_149---IDT_i5_149.283	-2.080812117406005	-2.5574168680180174	-0.21507736190000182	-0.46886393150498296	-1.0546307319342505	-0.7103436656712196	-1.265443338206902	0.3350823248254261	-0.5875683165785404	-1.0611964681166053	1.1340502398524333	-0.023354084536284934	0	0	0	1	1	0	0	0	0	0	0	0	1	0	0
NS.2145.001.IDT_i7_150---IDT_i5_150.356	-1.023693115719853	0.823983952482382	1.6181848267725454	-1.1686737960129108	-1.8690538801680843	-1.0253487485638895	-0.4183027849415727	0.07589094402324051	-0.5160824054636179	-1.2337433964566986	1.4427092122165912	-0.5180643907729603	0	0	0	1	1	0	1	0	0	0	0	0	1	0	1
NS.2145.001.IDT_i7_153---IDT_i5_153.136	-0.5545781151215636	-0.8022927039146396	-0.7470267461060396	0.4624843794701734	0.4031846096379467	-0.04562554861151148	0.06435112088748852	-0.024460603824525154	-0.1039625400628619	0.5443307445900661	-0.43435165036779694	0.40639899969376697	0	0.5	0	1	1	1	0	0.5	0	0	0.5	0	0	1	0
NS.2145.001.IDT_i7_156---IDT_i5_156.80	-0.1957594255750712	-0.5911010719498794	-1.2324135558000884	0.6422307271182044	0.5665971850927147	0.003469087847191729	-0.30046936757431547	-0.4426758418902182	-1.6429446217551054	-0.3352079676933545	0.45670703928238676	-0.07954926122815019	0	1	0	1	1	1	0	0	0	0.5	0	0	0	1	0
NS.2145.001.IDT_i7_157---IDT_i5_157.123	-0.31952419545202515	0.5713183780472662	0.14162896101313638	0.8882828672868146	0.22951900091626365	0.8694768222755062	0.45476410698638886	0.5234518777595522	-0.09661674369366074	-0.861044636793475	0.7909084852020306	-0.5397829230765077	0	0.25	0	1	1	1	0	0	0	0.75	0	0	0	1	0.5
NS.2145.001.IDT_i7_158---IDT_i5_158.119	0.054742265983568975	-0.19096875569420568	-1.4820385157072216	-1.6542053996522288	-0.11610978668204214	-1.79480428957753	-0.650097534888977	-0.4903538393887868	-0.21092137559514498	0.3907410640549684	-0.017162419409252228	0.6056789318334126	0	1	0	1	1	0	0	0.8333333333333333	0	0.5	0	0	1	0.5	0.3333333333333333
NS.2145.001.IDT_i7_159---IDT_i5_159.164	0.19859872244427285	0.09452118688332183	1.2708027827880852	-2.2106549318101942	-1.2145117269154149	-1.4787131536747613	-0.1911520739837923	-0.42205832042316	-0.7833928179394827	-0.8338006751680083	0.9817408036810205	-0.4370270415619053	0	0	0.5833333333333333	1	1	0	1	0	0	1	0	0	1	1	0
NS.2145.001.IDT_i7_16---IDT_i5_16.140	-2.3405318214511213	-0.04261664722806646	-0.6647293726145063	-0.2332880731245508	-0.5269212085560723	-0.34594499135358037	-0.9200861411590697	0.7487689819615007	-0.06082672091655499	-0.9290134532795048	0.935415475450143	0.4743222134534218	0	0	0	1	0	0	0	0	0	0	0	1	0	0	0.8333333333333333
NS.2145.001.IDT_i7_160---IDT_i5_160.319	-2.0644644065999556	0.409468584400021	0.4537216554548795	-0.5161104446734164	-1.002631123316344	-0.4055686133704326	-0.5266769458206026	0.35144998418417855	-0.7802692439235938	-1.422199096661238	1.4374488671170176	-0.6487565082615989	0	0	0	0.8333333333333333	1	0	0	0	0	1	0	0	0	1	1
NS.2145.001.IDT_i7_161---IDT_i5_161.143	-2.7494471398544307	0.6552335811087573	-0.4057975432244799	0.12493780423026297	-0.9036148775853746	-0.3544474528527529	-1.7029413424811144	-1.0560061796113327	-2.251163842931737	0.1304274202056291	0.1911335138359084	0.08041024885899693	0.16666666666666666	0	0	0.5	0	0	0	0	0	0	0	0	0	1	0.3333333333333333
NS.2145.001.IDT_i7_162---IDT_i5_162.142	0.6393365589174773	0.7250705657451071	0.32148406541019175	0.10343133397436584	1.1144732742347878	1.1391571509167011	1.435201535488837	-0.11082554626545144	0.9631154408122203	1.7759033474138528	-1.9183119571578335	0.6053774337245631	0.16666666666666666	1	0.5	1	0.75	1	0	1	0	0	0	0	0	1	0
NS.2145.001.IDT_i7_165---IDT_i5_165.109	1.8960029346728255	0.47341944201518293	-0.011091628683385701	-0.6310554281375228	-1.0195526477690031	-1.012899196270432	-1.6459066327657297	-0.005304112827809515	-0.6617862788924453	-0.22450531182652372	0.46500562122561095	0.48635808406524783	1	1	1	1	1	0	0	1	0	0.8333333333333333	0	0	0.6666666666666666	1	0.16666666666666666
NS.2145.001.IDT_i7_168---IDT_i5_168.333	0.8573495583857066	0.7699272320461601	0.10500077840733182	0.400562373168025	-0.13158664490890562	-0.1717786644602887	0.12132366002936454	-0.7741414047034385	-0.20484927649331627	1.1723768905410246	-0.846990239001721	0.6926116432783879	0	0	1	1	1	1	0	0	0	0.5	0	0	0	1	0.5
NS.2145.001.IDT_i7_169---IDT_i5_169.100	-0.8086434503665187	-1.1959747033302939	0.9069050805321486	-0.8042911159335213	-1.4009764023113052	-0.6864544096132096	-0.5795518838432336	0.5628563687839963	-0.5028671410728404	-1.3204578561813123	1.3644971918930535	-0.1201781492526337	0	0	0	1	1	0	1	0	0	0	0	0	0.25	0	1
NS.2145.001.IDT_i7_17---IDT_i5_17.245	1.883270044709672	0.8278712713816083	1.528615275986502	0.22064643854582247	-0.2409444659291033	0.3650399622793843	0.8021000117394654	1.8197604636811746	1.9583305746531392	-0.15193000812043636	-0.46350666853053124	0.5669362332719802	1	0.8333333333333333	1	1	1	1	0	0.8333333333333333	0	0	0	1	0	0	0
NS.2145.001.IDT_i7_170---IDT_i5_170.58	0.2844861818701606	1.5011442435179867	0.649959309709096	0.6553271215345908	0.37721144737608325	0.977755783078788	1.0144038950991645	-1.0525753071295652	-1.2654172843588287	-0.4626073846657092	0.5755369967406105	-1.0636616434520443	0	0.8333333333333333	0	1	1	1	0	0	0	1	0	0	0	1	0.6666666666666666
NS.2145.001.IDT_i7_171---IDT_i5_171.34	-0.138672266219839	-1.7630541719508366	-0.799740980453931	0.38618173787506244	0.5422534589214821	-0.0603324557141931	0.1186910533248413	0.7889846078287174	0.031432457050026105	-0.6205235276529091	0.5928734820361359	0.6136562476524334	0	1	0	1	1	1	0	0	0	0.5	0	1	0	0	0
NS.2145.001.IDT_i7_172---IDT_i5_172.317	0.7693552290938973	-0.06035733936155167	0.6889283831563655	0.27724133343819735	0.4849394213874617	0.8883144495921111	0.939412789175865	-1.1218833403996502	0.42225438394185133	0.2115789260940887	-0.1713202982745053	-1.3789584944499653	0	0.125	0.75	1	1	1	0	0.25	0	0.5	0	0	0.5	1	0.125
NS.2145.001.IDT_i7_173---IDT_i5_173.74	0.3127968239546832	-1.3589472056968814	0.06862098109496248	1.0622007440092682	0.528064964014016	1.7200174298851048	0.5566967420105926	1.4373658030895098	0.8816991227667929	-0.0990381905372762	0.08238189083103865	1.5659431039349925	0	1	0	1	1	1	0	0	0	0	0	1	0	0	0
NS.2145.001.IDT_i7_174---IDT_i5_174.155	-0.6584302293406454	-0.07730004158589365	0.8679622510673677	-1.8806160260220013	-1.2048688351661676	-1.501301761153862	-0.3582760164632811	0.48979684137140267	-1.108695745389297	-1.483662203661189	1.5600034737696076	-0.25922338619396235	0	0	0	1	1	0	0	0	0	1	0	0	0	0	1
NS.2145.001.IDT_i7_177---IDT_i5_177.19	-1.6093180996388388	-0.776161623159711	0.23215269800808788	-0.9028283093991261	-1.0269968077062348	-0.8501658864122059	-0.8090723266341379	0.5539550065805394	-0.2466652302913433	-0.7441245894341534	0.7857037290858494	0.4194732395677955	0	0	0	1	1	0	0	0	0	1	0	0.5	0.25	0.5	0
NS.2145.001.IDT_i7_18---IDT_i5_18.208	-1.6581935608624667	-2.5715251204744414	-1.702459209382849	-0.767673419740011	-0.37335951403746437	-1.045351676383611	-1.2346637215107168	1.0869234641045868	0.2390828799630339	-0.7943914342750993	0.6990340341116901	0.8241082829986802	0	0.5	0	1	0.5	0	0	0	0	0	0	1	0	0	0
NS.2145.001.IDT_i7_180---IDT_i5_180.48	-1.8594669578124114	-1.0761201310151653	-0.4631964498047241	-0.3927422662725205	-0.9739219465548999	-0.7263758345817874	-1.556696913351107	0.9254321289338903	0.6408948834273926	-0.0015255392877502674	0.03685468797778916	0.93366690919218	0	0	0	1	1	0	0	0	0	0	0	1	0	0	0
NS.2145.001.IDT_i7_181---IDT_i5_181.50	0.6457889475580276	-0.13487159812138447	0.08217287147394457	0.43503092219123	0.12807831737414033	-0.06310722151570111	0.03968709477016308	-0.9886845323167011	-0.8393633710082689	-0.5184267126763324	0.6927394634730442	-0.8453961962974003	1	1	0	1	0.875	0.875	0	0	0	0.75	0	0.125	1	0.875	0
NS.2145.001.IDT_i7_182---IDT_i5_182.82	1.3156765590686292	-0.7117610298375254	0.11296384167462807	0.04134344615138301	0.8385844478670338	0.6482142637257271	1.0035554755288303	0.8639301739044525	0.2635664380985159	0.49019866855757793	-0.3068884515489728	1.5298804965962294	0	1	1	1	1	1	0	0	0	0	0	1	0	0	0
NS.2145.001.IDT_i7_183---IDT_i5_183.248	-0.0032617814214892515	0.6005860327952299	0.5903567270777221	-1.6520076773241354	-0.9794450326428035	-1.1354142449480593	-0.2727016956409818	0.2519228931133518	-1.5878110077169307	-1.6236967160893738	1.741708015605357	-0.6567147951008582	0	0.16666666666666666	0.75	1	1	0	1	0	0	1	0	0	0	0.8333333333333333	1
NS.2145.001.IDT_i7_184---IDT_i5_184.298	1.9570366118660565	-0.4084248680986515	0.5739248436270272	0.2666055225581784	0.31793872547404456	0.5189634166671581	0.8640904415313503	0.05267433275610778	0.33719108535220155	-0.5068758499543387	0.41565685633197885	-0.9169890968509027	0	1	1	1	1	1	0	0.25	0	0	0	0	0.25	1	0.25
NS.2145.001.IDT_i7_185---IDT_i5_185.146	0.9911721695698088	0.8620449119013143	-0.6379949251504773	-0.31090389817256553	-0.6706579968851045	-0.5532595797097135	-1.462764833496428	-0.14200130717060394	-0.2120281420699261	0.9332090045049724	-0.6419920812538235	1.4788883098536578	1	1	0.75	1	1	0	0	0.75	0	1	0	0.5	0	1	0
NS.2145.001.IDT_i7_189---IDT_i5_189.170	0.6600611657860997	0.41372108497313204	1.0115046449600746	-0.22964907733120166	0.6572366404053686	0.7613647603988671	1.7577877357140226	-0.17567020876214326	0.4719732609084609	0.474532534490632	-0.7489035535292505	-0.9043947782804118	0	0.75	0	1	1	1	0.25	0.5	1	0	0	0	0	1	0
NS.2145.001.IDT_i7_192---IDT_i5_192.125	1.3744994681775502	0.6663007249350836	0.4170004147884431	-0.0587659189503195	0.1522934891948412	-0.0278925413753556	0.5330030445605716	0.20507777272191646	0.33616445957021973	-0.025065679960898216	-0.12474353263690426	-0.4660445726031301	0	0.16666666666666666	1	1	1	1	0	0.5	0	1	0	0	0	1	0
NS.2145.001.IDT_i7_28---IDT_i5_28.255	-2.556272682226205	-0.49507874291271203	-0.3343794307930339	-0.3921487740890105	-0.964346705046411	-0.5929518167705581	-1.3421626640698552	0.14995336966904838	-0.8141868778554368	-1.1062621058016129	1.213356982851884	-0.22360737981523532	0	0	0	1	1	0	0	0	0	1	0	0	1	0.5	0
NS.2145.001.IDT_i7_29---IDT_i5_29.201	1.5608274805254916	-0.6830466550207211	-0.5635919655582409	0.24133652776211634	1.7781286989359892	0.9331901467409546	0.9018566091133802	-0.234186028190935	-0.5364533929929902	1.3208693625791386	-1.106430247984512	1.1229627379517078	0	1	1	1	1	1	0	1	0	0	0	0	0	1	0
NS.2145.001.IDT_i7_30---IDT_i5_30.157	1.3142751900212666	-0.9759259587642698	0.6633878853266431	-0.1221382652234376	2.0700004115050503	2.4142155632217914	2.1661644726136675	0.8394483745234421	0.4344726696022178	0.6464188333488778	-0.546701059948472	1.3666409896680252	0	1	0	1	1	1	0	0	0	0.5	0	0.5	0	0.5	0
NS.2145.001.IDT_i7_40---IDT_i5_40.213	1.5086455644955987	1.5629080575380436	0.6394954457284172	-1.1215426976012381	2.0580337278155185	0.06164372348312605	2.420569242718501	-0.2191636778140715	-0.9264962392201053	0.17244608705211795	0.07658762249616105	0.4306261022488521	0	1	0.375	1	1	1	0.5	0	1	0.75	0	0	0	1	0.125
NS.2145.001.IDT_i7_41---IDT_i5_41.186	1.5348506045596593	-0.39413807719412125	0.298213234833802	-0.5252250507100131	1.1411607167890963	0.3683374070044114	1.3571116241832732	0.07487490574559935	-0.6475885049602705	-0.5537437952249091	0.6793606829663215	0.25057463945713	0	1	0.75	1	1	1	0	0	0	1	0	0	0.5	1	0
NS.2145.001.IDT_i7_5---IDT_i5_5.314	1.3297155989057474	-0.3615384316830386	-0.46343590188401573	1.0364263293364098	0.5179937174206403	0.4282299527084553	0.14435951070648165	-1.2955948791939624	-0.820259469579682	0.1686764241491976	0.38511283647210637	0.49265934846086307	0	1	1	1	1	1	0	1	0	0	0	0	0.5833333333333333	0.41666666666666663	0.5
NS.2145.001.IDT_i7_52---IDT_i5_52.22	1.0074274184509975	-0.24050031140302547	0.45215827131955905	-0.5553510836517658	2.0673258825880723	0.9266166252627565	2.140183374776626	-0.011977804884631474	-0.30222720666684666	0.39818185457843647	-0.157154574212327	0.6765890076484435	0	1	0	1	1	1	0	1	0.5	0	0	0	0	1	0.25
NS.2145.001.IDT_i7_53---IDT_i5_53.101	0.3992840443699181	0.8552885460120132	0.011397367324534141	0.186563854069901	1.0315279068183982	0.8455726589983783	1.2852794802109073	0.7945287780615781	-0.23496329233389096	-1.1959263282516086	1.2113066012391762	0.2940227617870289	0	1	0	1	1	1	0	0	0	1	0	1	0	0	0.5
NS.2145.001.IDT_i7_54---IDT_i5_54.313	0.5969008191220974	-0.7622527133565035	1.8323664551625698	-0.11173895302298477	0.4234913499491644	1.4619845698733434	1.905347216991827	1.3838971742841413	0.7591142221540153	-0.20516483728541665	0.14717029403242393	1.5608575819117814	0	0	0	1	1	1	0	0	0	0	0	1	0	0	0
NS.2145.001.IDT_i7_6---IDT_i5_6.334	1.9395433448056705	-0.25509249552917823	-0.09638653108232537	1.0548612523984855	0.16460711467405753	0.4533672173414708	-0.05085214266696962	1.1085442198185058	0.5825313844599092	0.7506696204604132	-0.6036090967055581	1.967703841575477	0.75	1	1	1	1	1	0	0.25	0	0	0	1	0	0	0
NS.2145.001.IDT_i7_64---IDT_i5_64.147	0.9274585018891821	-1.3650295862509265	0.34188818034313856	-0.33391118287851124	0.6056279940387765	0.05633936499776657	1.1872793167150575	-0.5896305711445045	-1.6548623770783726	0.6342770328775049	-0.38943471291182663	0.4622875168837565	0	1	0.75	1	1	1	0	0	0.25	0	0	0	0.25	1	0
NS.2145.001.IDT_i7_65---IDT_i5_65.73	0.9279919000370968	0.6815876841524426	0.15032478799904375	0.09653306842887721	1.5548474250429756	1.0282294137447106	1.5795628674974616	0.9161583532902242	0.4551486625486301	0.23656926131195302	-0.06701717223079756	1.6643666249833848	0	1	0	1	1	1	0	0	0	1	0	1	0	0	0.5
NS.2145.001.IDT_i7_76---IDT_i5_76.154	2.1777633022081835	-1.102208330535795	-0.8550302254578337	1.1147500409472624	1.1858797082658794	0.9358501717830601	0.1977213908020411	0.3845883560607164	-0.2930296677253618	0.6605284602151044	-0.3192422252075868	1.555967013483548	0.5	1	1	1	0.5	1	0	1	0	0	0	0	0	0	0
NS.2145.001.IDT_i7_78---IDT_i5_78.241	1.4962319418302121	0.2609340198604268	-1.2405062579646096	0.7642066046855038	2.1922013230951913	1.0478186094315258	0.4061707451155824	1.0455876438651541	0.8927602984185101	-0.3266775573713816	0.14892032690979587	0.6082902056376784	0	1	0.875	1	1	1	0	1	0	0	0	1	0	0	0
NS.2145.001.IDT_i7_89---IDT_i5_89.355	1.2050784962152599	-0.2511377974464768	0.40680211201691274	-0.0017252040242424233	0.9065877604893104	0.8293666737382566	1.4037495383245282	-0.3354029000028559	0.10373051059161015	0.15118239968980743	0.07538061748624654	0.010036501246989682	0	1	1	1	1	1	0	0.5	0	0	0	0	0.5	0.6666666666666666	0.8333333333333333
NS.2145.001.IDT_i7_97---IDT_i5_97.17	2.2466365285429557	-0.21650424175855	0.14207407048599585	-0.9021559873405599	-0.8374169292453144	-1.153372382988929	-1.034622918697544	1.1888580859852027	0.8236442497044447	-0.4361434543539287	0.25571996607085623	0.789675190305982	1	1	1	1	1	0	0	0.3333333333333333	0	0	0	1	0	0	0
NS.2145.001.IDT_i7_98---IDT_i5_98.107	-1.2598568629069673	0.2440040642684787	-1.8719652031889034	-0.7939168261852549	-0.19822386337798825	-0.8838595334913779	-1.0655207940333329	-0.3828523522380437	0.4952208007306083	0.9807316914114022	-1.0753143059789743	-0.3959754708930971	0	1	0	1	0.5	0	0	1	0	0	0	0	0.25	1	0
NS.2145.001.IDT_i7_99---IDT_i5_99.124	-1.560102577196591	-1.0247022740015617	0.15461201540718955	-1.089289227409459	-1.0274296870341189	-1.167276677455978	-0.8104921104685923	0.2668664716786404	-0.9799366541562807	-1.3240131067224707	1.4527038498227942	-0.35312629983791843	0	0	0	1	1	0	0	0	0	1	0	0	1	0	0.5
sample_289	2.272050872425971	-0.2569668088348801	1.423920549126797	1.1957201987349866	-0.4733962121568015	1.2030457829140289	0.03994919807305213	0.10050353944933321	0.9308740958403121	0.5631669060390163	-0.8846172089325366	-0.7572900751712242	1	1	1	1	1	1	0	1	0	0	0	0	0	1	0.5
sample_323	-1.1200859110757686	1.6583663100012962	-1.5577001475673198	-0.21647506253888796	-0.33963345151627194	-0.4743532086584469	-1.6215087717741332	-0.3708439154651624	-0.09221535760801766	1.2293686423468482	-1.0188360490849906	0.7755509196297155	0	0.4583333333333333	0.625	1	0.16666666666666666	0	0	1	0	0	0.3333333333333333	0	0	1	0
